1 0.24296875 0.5013888888888889 0.353125 0.37222222222222223
1 0.425 0.7055555555555556 0.4078125 0.48333333333333334
1 0.546875 0.4847222222222222 0.228125 0.19166666666666668
1 0.77421875 0.6875 0.2734375 0.3638888888888889
1 0.7453125 0.5013888888888889 0.171875 0.14444444444444443
1 0.925 0.6833333333333333 0.15 0.29444444444444445
1 0.89375 0.5361111111111111 0.1421875 0.11666666666666667
1 0.96171875 0.5361111111111111 0.0765625 0.08611111111111111
2 0.265625 0.36666666666666664 0.0359375 0.08333333333333333
2 0.56328125 0.425 0.021875 0.06111111111111111
2 0.75703125 0.4527777777777778 0.0203125 0.044444444444444446
2 0.78828125 0.5388888888888889 0.04375 0.07777777777777778