1 0.66328125 0.6722222222222223 0.1328125 0.16111111111111112
1 0.73203125 0.8138888888888889 0.13125 0.17222222222222222
1 0.590625 0.8097222222222222 0.140625 0.16944444444444445
1 0.52265625 0.6694444444444444 0.1375 0.16666666666666666
1 0.4484375 0.8083333333333333 0.1375 0.175
1 0.3765625 0.6694444444444444 0.140625 0.16666666666666666
1 0.30078125 0.8055555555555556 0.1421875 0.17222222222222222
1 0.2296875 0.675 0.1421875 0.16944444444444445
1 0.15234375 0.8138888888888889 0.1515625 0.18333333333333332
1 0.07734375 0.675 0.1546875 0.17777777777777778
2 0.053125 0.6888888888888889 0.0296875 0.03888888888888889
2 0.1328125 0.8361111111111111 0.0234375 0.03888888888888889