1 0.6629479166666666 0.6719537037037037 0.13244270833333333 0.16137962962962954
1 0.732140625 0.8134907407407408 0.13095312499999992 0.17195370370370364
1 0.5907760416666666 0.8095277777777776 0.1398802083333333 0.16931481481481495
1 0.5226927083333334 0.6693148148148148 0.1376510416666667 0.16666666666666666
1 0.4486614583333333 0.8082037037037036 0.13690624999999995 0.1746018518518519
1 0.3764895833333333 0.6693148148148148 0.1398802083333333 0.16666666666666666
1 0.30059375 0.8048981481481481 0.14285937499999993 0.17327777777777775
1 0.2295364583333333 0.674601851851852 0.14211458333333332 0.1693148148148147
1 0.15215625 0.8134907407407408 0.15104166666666663 0.18253703703703714
1 0.07738020833333333 0.6752685185185184 0.15476041666666665 0.17857407407407422
2 0.053197916666666664 0.6884907407407408 0.029015624999999996 0.03836111111111112
2 0.13318229166666667 0.8366388888888889 0.02380729166666664 0.038361111111111276