1 0.33671875 0.3277777777777778 0.1328125 0.16111111111111112
1 0.26796875 0.18611111111111112 0.13125 0.17222222222222222
1 0.409375 0.19027777777777777 0.140625 0.16944444444444445
1 0.47734375 0.33055555555555555 0.1375 0.16666666666666666
1 0.5515625 0.19166666666666668 0.1375 0.175
1 0.6234375 0.33055555555555555 0.140625 0.16666666666666666
1 0.69921875 0.19444444444444445 0.1421875 0.17222222222222222
1 0.7703125 0.325 0.1421875 0.16944444444444445
1 0.84765625 0.18611111111111112 0.1515625 0.18333333333333332
1 0.92265625 0.325 0.1546875 0.17777777777777778
2 0.946875 0.3111111111111111 0.0296875 0.03888888888888889
2 0.8671875 0.1638888888888889 0.0234375 0.03888888888888889