1 0.2433020833333333 0.5019814814814814 0.35267708333333336 0.37169444444444444
1 0.4248489583333333 0.7056851851851852 0.4077395833333334 0.48280555555555554
1 0.5472447916666667 0.48478703703703707 0.22842187500000008 0.19179629629629633
1 0.7745520833333334 0.6878333333333333 0.2738072916666667 0.3650833333333332
1 0.7455364583333333 0.501324074074074 0.1711302083333334 0.1455
1 0.9248489583333332 0.6838611111111111 0.15029687500000008 0.2936481481481482
1 0.8935989583333332 0.535712962962963 0.1428593750000001 0.11639814814814824
1 0.9616822916666667 0.535712962962963 0.0766354166666666 0.08730555555555558
2 0.2652552083333333 0.3663981481481481 0.0364583333333333 0.08200925925925932
2 0.5636145833333334 0.4252685185185185 0.021578124999999913 0.062166666666666655
2 0.7566979166666666 0.4530462962962963 0.02083333333333339 0.04364814814814808
2 0.7883177083333333 0.5390185185185185 0.04390104166666662 0.07804629629629621