2 0.5046875 0.5277777777777778 0.025 0.05277777777777778
2 0.5671875 0.775 0.028125 0.05555555555555555
2 0.053125 0.4111111111111111 0.0265625 0.05277777777777778
2 0.196875 0.3541666666666667 0.01875 0.044444444444444446
2 0.08671875 0.29305555555555557 0.021875 0.04722222222222222
2 0.00546875 0.2388888888888889 0.0109375 0.04722222222222222
1 0.03515625 0.2861111111111111 0.0703125 0.1638888888888889
1 0.1 0.34305555555555556 0.1234375 0.16111111111111112
1 0.07109375 0.4708333333333333 0.1421875 0.2
1 0.20859375 0.4013888888888889 0.1375 0.17222222222222222
1 0.19140625 0.5763888888888888 0.146875 0.22777777777777777
1 0.34140625 0.49583333333333335 0.1515625 0.19722222222222222
1 0.35390625 0.6888888888888889 0.184375 0.25833333333333336
1 0.51015625 0.5902777777777778 0.1875 0.25555555555555554
1 0.57265625 0.8347222222222223 0.2390625 0.3277777777777778
1 0.79609375 0.7652777777777777 0.265625 0.30833333333333335