2 0.1296875 0.2263888888888889 0.0328125 0.06388888888888888
2 0.40703125 0.2513888888888889 0.0265625 0.05555555555555555
2 0.23828125 0.4722222222222222 0.034375 0.06388888888888888
2 0.54375 0.49444444444444446 0.0328125 0.06388888888888888
2 0.67890625 0.2638888888888889 0.0265625 0.06388888888888888
1 0.1421875 0.30277777777777776 0.2609375 0.3138888888888889
1 0.24453125 0.5333333333333333 0.2765625 0.33611111111111114
1 0.40859375 0.31527777777777777 0.2484375 0.30277777777777776
1 0.540625 0.5513888888888889 0.2765625 0.33611111111111114
1 0.67109375 0.3277777777777778 0.2484375 0.30277777777777776
1 0.828125 0.5694444444444444 0.26875 0.30833333333333335
1 0.90546875 0.36666666666666664 0.1890625 0.2972222222222222