1 0.7434895833333333 0.5408935185185184 0.3394088541666667 0.3873472222222223
1 0.8836796874999999 0.320986111111111 0.23263802083333332 0.37962962962962954
1 0.6184895833333333 0.30709722222222224 0.26822916666666663 0.31790277777777765
1 0.4296875 0.5054027777777778 0.25520833333333326 0.32253240740740746
1 0.36632031249999997 0.28009259259259256 0.22569531250000002 0.29166666666666663
1 0.16970572916666665 0.28318055555555555 0.18315885416666672 0.24228240740740747
1 0.1953125 0.4729953703703703 0.2135416666666666 0.30709722222222224
1 0.056770833333333326 0.4465277777777778 0.11354166666666665 0.2856481481481481
1 0.05208333333333333 0.2546296296296296 0.10416666666666666 0.20370370370370366
2 0.14713541666666666 0.21450462962962957 0.03385416666666665 0.06481481481481476
2 0.34765625 0.20910648148148148 0.0338541666666667 0.0663564814814815
2 0.17144010416666666 0.3958333333333333 0.03732552083333331 0.06944444444444445