1 0.28671875 0.5958333333333333 0.3015625 0.3277777777777778
1 0.50703125 0.45694444444444443 0.2953125 0.36944444444444446
1 0.56015625 0.6986111111111111 0.225 0.22777777777777777
1 0.76015625 0.5486111111111112 0.221875 0.3138888888888889
1 0.76484375 0.7486111111111111 0.1796875 0.175
1 0.9234375 0.7652777777777777 0.153125 0.20555555555555555
1 0.93125 0.6180555555555556 0.1375 0.28055555555555556
1 0.17421875 0.3416666666666667 0.3484375 0.44166666666666665
2 0.1515625 0.49722222222222223 0.0453125 0.10277777777777777
2 0.9421875 0.8375 0.0265625 0.05555555555555555
2 0.97421875 0.7208333333333333 0.0375 0.06388888888888888
2 0.7828125 0.8083333333333333 0.0265625 0.05555555555555555
2 0.77734375 0.6694444444444444 0.034375 0.06666666666666667
2 0.5734375 0.7722222222222223 0.0296875 0.06666666666666667
2 0.521875 0.5930555555555556 0.0328125 0.08055555555555556
2 0.29375 0.7166666666666667 0.034375 0.075