2 0.5043411458333333 0.5277777777777778 0.024304687499999922 0.05246759259259256
2 0.5672734374999999 0.7746898148148148 0.02864583333333339 0.05555555555555555
2 0.053385416666666664 0.41126388888888893 0.026908854166666663 0.05401388888888887
2 0.19704947916666665 0.3541666666666667 0.01909635416666664 0.044754629629629665
2 0.08680468749999999 0.29320833333333335 0.022570312499999988 0.04629629629629627
2 0.005208333333333333 0.23919907407407404 0.010416666666666666 0.04629629629629627
1 0.03515625 0.2854953703703703 0.0703125 0.16357870370370364
1 0.10026041666666666 0.34259259259259256 0.1241328125 0.16049537037037037
1 0.07074739583333334 0.471449074074074 0.1414921875 0.19907407407407396
1 0.20833333333333331 0.4020046296296295 0.1371536458333333 0.1712962962962962
1 0.19140625 0.5763888888888888 0.14670052083333332 0.22685185185185175
1 0.3415807291666667 0.49614351851851857 0.15190885416666666 0.19598611111111097
1 0.35416666666666663 0.6890416666666666 0.1840286458333334 0.2577175925925927
1 0.5104166666666666 0.5902777777777778 0.1875 0.25462962962962954
1 0.5724817708333333 0.8348749999999998 0.23871614583333328 0.32716203703703695
1 0.7960078124999999 0.7654305555555554 0.2656249999999999 0.30864351851851857