1 0.4453125 0.19444444444444445 0.184375 0.3888888888888889
1 0.52421875 0.5125 0.2078125 0.525
1 0.38828125 0.6069444444444444 0.128125 0.4
1 0.47265625 0.8819444444444444 0.1765625 0.2361111111111111
1 0.36015625 0.9055555555555556 0.0984375 0.18888888888888888
1 0.58828125 0.11527777777777778 0.2484375 0.23055555555555557
2 0.3265625 0.9888888888888889 0.03125 0.022222222222222223
2 0.4046875 0.9805555555555555 0.0375 0.03888888888888889
2 0.346875 0.6305555555555555 0.0375 0.05277777777777778
2 0.44765625 0.5388888888888889 0.0453125 0.058333333333333334
2 0.378125 0.13333333333333333 0.0421875 0.06111111111111111