2 0.05989583333333333 0.6851851851851851 0.02901562499999999 0.037037037037036986
2 0.13951041666666666 0.8353148148148147 0.024552083333333342 0.038361111111111276
1 0.08221875000000001 0.6752685185185184 0.15848437499999996 0.18386111111111095
1 0.1555052083333333 0.8167962962962961 0.14583333333333334 0.1865092592592592
1 0.23474479166666665 0.6739444444444445 0.13913541666666668 0.16534259259259254
1 0.30543229166666663 0.8015833333333333 0.13913541666666668 0.1746018518518519
1 0.380578125 0.6673240740740741 0.1391354166666666 0.16534259259259254
1 0.4523802083333333 0.803574074074074 0.13839062500000004 0.17592592592592604
1 0.5264114583333332 0.6600555555555556 0.13616145833333332 0.16666666666666666
1 0.5941197916666667 0.8009259259259258 0.1376510416666667 0.17063888888888876
1 0.6692708333333333 0.6653425925925927 0.13616145833333332 0.16401851851851856
1 0.02678645833333333 0.8002685185185184 0.05357291666666666 0.15343518518518523