1 0.32734375 0.32083333333333336 0.134375 0.17222222222222222
1 0.2609375 0.18888888888888888 0.13125 0.17777777777777778
1 0.39921875 0.18333333333333332 0.13125 0.16944444444444445
1 0.4703125 0.32083333333333336 0.1296875 0.1638888888888889
1 0.5453125 0.17916666666666667 0.1375 0.18055555555555555
1 0.61953125 0.31666666666666665 0.140625 0.17222222222222222
1 0.6921875 0.17916666666666667 0.140625 0.18611111111111112
1 0.765625 0.30694444444444446 0.14375 0.175
1 0.84375 0.1638888888888889 0.153125 0.19444444444444445
1 0.91796875 0.30416666666666664 0.15625 0.18611111111111112
2 0.93984375 0.2916666666666667 0.03125 0.041666666666666664
2 0.859375 0.14305555555555555 0.03125 0.044444444444444446