1 0.6726197916666667 0.6792314814814815 0.1339270833333332 0.17327777777777792
1 0.7388385416666665 0.8115092592592592 0.13095312499999984 0.17857407407407397
1 0.6004479166666666 0.8161388888888887 0.13095312499999992 0.1693148148148146
1 0.5293906249999999 0.6792314814814815 0.1302083333333332 0.16269444444444442
1 0.454984375 0.8207685185185184 0.13765104166666667 0.181212962962963
1 0.3802083333333333 0.6838611111111111 0.1413697916666667 0.17195370370370372
1 0.3080364583333333 0.8214259259259259 0.1413697916666667 0.1851851851851851
1 0.23400520833333333 0.6931203703703704 0.1435989583333333 0.17460185185185173
1 0.15588020833333333 0.8366388888888889 0.15253124999999998 0.19444444444444445
1 0.08184374999999999 0.6964259259259259 0.15625 0.1865092592592592
2 0.05989583333333333 0.7083333333333334 0.03199479166666666 0.041009259259259224
2 0.14025520833333333 0.8571388888888889 0.030505208333333346 0.04497222222222206