1 0.25625 0.4597222222222222 0.3390625 0.3861111111111111
1 0.11640625 0.6791666666666667 0.2328125 0.38055555555555554
1 0.38125 0.6930555555555555 0.26875 0.31666666666666665
1 0.5703125 0.49444444444444446 0.2546875 0.32222222222222224
1 0.63359375 0.7194444444444444 0.225 0.2916666666666667
1 0.83046875 0.7166666666666667 0.1828125 0.24166666666666667
1 0.8046875 0.5263888888888889 0.2140625 0.30833333333333335
1 0.94296875 0.5541666666666667 0.1140625 0.2861111111111111
1 0.94765625 0.7458333333333333 0.1046875 0.20277777777777778
2 0.853125 0.7861111111111111 0.034375 0.06388888888888888
2 0.65234375 0.7902777777777777 0.034375 0.06666666666666667
2 0.82890625 0.6041666666666666 0.0375 0.06944444444444445