2 0.12977343749999998 0.22607870370370367 0.03211718750000001 0.06327314814814816
2 0.4066848958333333 0.25154166666666666 0.026908854166666663 0.05555555555555555
2 0.23828125 0.4722222222222222 0.0338541666666667 0.06481481481481476
2 0.5438359374999999 0.4938287037037037 0.03211718749999992 0.06481481481481476
2 0.6788203125 0.2638888888888889 0.02604166666666661 0.06481481481481484
1 0.14236197916666668 0.3032407407407407 0.2604166666666667 0.3132731481481482
1 0.24435677083333332 0.5331805555555555 0.2769088541666666 0.33487499999999987
1 0.4084192708333333 0.31558796296296293 0.24913281249999994 0.3040138888888888
1 0.5407994791666667 0.5509259259259258 0.27604166666666663 0.33642129629629636
1 0.6714401041666667 0.32793055555555556 0.24913281250000008 0.30401388888888875
1 0.828125 0.5694444444444444 0.26909635416666655 0.30864351851851857
1 0.9058151041666666 0.36651388888888886 0.1883671875000001 0.29783796296296305