1 0.7131067708333333 0.40355092592592595 0.3012161458333334 0.32870370370370366
1 0.4926223958333333 0.5424398148148148 0.29600781249999997 0.3688287037037038
1 0.44010416666666663 0.30169907407407404 0.22569531249999994 0.22685185185185186
1 0.24001822916666668 0.4513888888888889 0.22135416666666669 0.3132731481481481
1 0.23480989583333334 0.25154166666666666 0.1796875 0.1759259259259259
1 0.07638802083333332 0.23533796296296294 0.15277604166666664 0.20524537037037033
1 0.06857552083333332 0.3819444444444444 0.13715104166666664 0.27931944444444434
1 0.8259557291666667 0.6581805555555555 0.34808854166666664 0.4429027777777778
2 0.8485234374999999 0.503087962962963 0.0460078124999999 0.1018518518518519
2 0.05772656249999999 0.16203703703703703 0.026908854166666663 0.05555555555555555
2 0.02560677083333333 0.2785509259259259 0.037325520833333334 0.06327314814814816
2 0.21744791666666666 0.19135648148148146 0.026908854166666617 0.05555555555555555
2 0.22265625 0.3302453703703704 0.0338541666666667 0.06790277777777784
2 0.4266484374999999 0.22839351851851852 0.030382812500000078 0.06790277777777776
2 0.4782994791666667 0.4074074074074074 0.03298697916666669 0.08024537037037034
2 0.7061640625 0.28318055555555555 0.03385416666666661 0.07561574074074073