1 0.74375 0.5402777777777777 0.3390625 0.3861111111111111
1 0.88359375 0.32083333333333336 0.2328125 0.38055555555555554
1 0.61875 0.30694444444444446 0.26875 0.31666666666666665
1 0.4296875 0.5055555555555555 0.2546875 0.32222222222222224
1 0.36640625 0.28055555555555556 0.225 0.2916666666666667
1 0.16953125 0.2833333333333333 0.1828125 0.24166666666666667
1 0.1953125 0.4736111111111111 0.2140625 0.30833333333333335
1 0.05703125 0.44722222222222224 0.1140625 0.2861111111111111
1 0.05234375 0.25416666666666665 0.1046875 0.20277777777777778
2 0.146875 0.21388888888888888 0.034375 0.06388888888888888
2 0.34765625 0.20972222222222223 0.034375 0.06666666666666667
2 0.17109375 0.3958333333333333 0.0375 0.06944444444444445