0 0.3986855158730159 0.4133597883597883 0.12276785714285716 0.09920634920634915
1 0.3149801587301587 0.2802579365079365 0.12648809523809526 0.16038359788359788
1 0.22197420634920634 0.3976521164021164 0.15625 0.19675925925925927
1 0.2945188492063492 0.5009920634920635 0.1822916666666666 0.24140211640211634
1 0.09982638888888888 0.5869708994708994 0.19965277777777776 0.28439153439153436
1 0.7093253968253967 0.24305555555555552 0.1537698412698413 0.14550264550264547
0 0.6218998015873016 0.24884259259259262 0.0830853174603174 0.07771164021164022
1 0.1345486111111111 0.775462962962963 0.2666170634920635 0.37037037037037024
1 0.783110119047619 0.205026455026455 0.14508928571428575 0.13227513227513227
1 0.8854166666666666 0.2620701058201058 0.17857142857142846 0.14054232804232805
1 0.9334077380952379 0.2232142857142857 0.13318452380952372 0.1388888888888889
2 0.28893849206349204 0.43816137566137564 0.03224206349206353 0.052910052910052956
2 0.21825396825396823 0.33730158730158727 0.027281746031746046 0.04298941798941804
2 0.3087797619047619 0.22486772486772486 0.022321428571428558 0.036375661375661394
2 0.7111855158730158 0.1909722222222222 0.02356150793650791 0.03802910052910053
2 0.7874503968253967 0.16038359788359785 0.022321428571428648 0.036375661375661394
2 0.890376984126984 0.2091600529100529 0.02232142857142847 0.04133597883597885
2 0.9505208333333333 0.17278439153439154 0.026041666666666786 0.044642857142857116