0 0.50390625 0.34479166666666666 0.0921875 0.08333333333333333
0 0.34140625 0.346875 0.09375 0.09166666666666666
1 0.85234375 0.3854166666666667 0.171875 0.15416666666666667
1 0.7390625 0.44375 0.15 0.13958333333333334
1 0.6703125 0.39479166666666665 0.165625 0.14791666666666667
1 0.5859375 0.45625 0.140625 0.12291666666666666
1 0.4375 0.4635416666666667 0.1359375 0.12083333333333333
1 0.29375 0.4635416666666667 0.1375 0.12083333333333333
1 0.18515625 0.42083333333333334 0.1484375 0.14166666666666666
1 0.13046875 0.459375 0.1296875 0.11666666666666667
1 0.03984375 0.41770833333333335 0.0796875 0.13541666666666666
2 0.85703125 0.440625 0.0265625 0.035416666666666666
2 0.74140625 0.49583333333333335 0.0171875 0.029166666666666667
2 0.6703125 0.44479166666666664 0.0171875 0.03125
2 0.58515625 0.49895833333333334 0.01875 0.027083333333333334
2 0.4359375 0.5041666666666667 0.0171875 0.029166666666666667
2 0.29140625 0.5052083333333334 0.0171875 0.03333333333333333
2 0.18046875 0.4625 0.021875 0.03125