0 0.49603174603174605 0.6555886243386243 0.09176587301587294 0.08432539682539683
0 0.6584821428571428 0.6531084656084656 0.09424603174603181 0.09259259259259262
1 0.14756944444444448 0.6142526455026455 0.17113095238095238 0.15376984126984136
1 0.26103670634920634 0.5563822751322751 0.15004960317460317 0.14054232804232805
1 0.32986111111111105 0.6051587301587301 0.16617063492063494 0.14880952380952384
1 0.4141865079365079 0.5439814814814814 0.14136904761904762 0.1223544973544973
1 0.562375992063492 0.5365410052910052 0.13516865079365079 0.12070105820105823
1 0.7062251984126984 0.5365410052910052 0.13764880952380948 0.12070105820105823
1 0.8147321428571429 0.5787037037037037 0.14880952380952372 0.14219576719576726
1 0.8692956349206348 0.5406746031746031 0.1289682539682538 0.11574074074074071
1 0.9600694444444444 0.582010582010582 0.07986111111111108 0.13558201058201055
2 0.14322916666666666 0.5588624338624338 0.02604166666666665 0.036375661375661394
2 0.2584697420634921 0.5042063492063492 0.016552579365079367 0.02885912698412696
2 0.3297718253968254 0.555135582010582 0.017824900793650754 0.030558862433862306
2 0.41507936507936505 0.5012334656084656 0.019099702380952443 0.028012566137566117
2 0.564047619047619 0.496140873015873 0.016552579365079367 0.02970899470899475
2 0.7088814484126984 0.4944444444444444 0.0171899801587303 0.033105158730158735
2 0.8193353174603175 0.5373115079365078 0.021644345238095396 0.032255291005291