0 0.56484375 0.3645833333333333 0.075 0.16458333333333333
1 0.66484375 0.253125 0.1203125 0.16875
1 0.5765625 0.12916666666666668 0.146875 0.20833333333333334
1 0.49921875 0.22604166666666667 0.18125 0.24375
1 0.43515625 0.05 0.2140625 0.1
1 0.69296875 0.7791666666666667 0.109375 0.20416666666666666
0 0.68828125 0.6625 0.0578125 0.11041666666666666
1 0.29375 0.09479166666666666 0.278125 0.18958333333333333
1 0.72109375 0.8770833333333333 0.0984375 0.19375
1 0.67734375 0.946875 0.1046875 0.10625
2 0.54609375 0.21875 0.0390625 0.04375
2 0.621875 0.12395833333333334 0.0328125 0.035416666666666666
2 0.70625 0.24479166666666666 0.0265625 0.029166666666666667
2 0.73203125 0.78125 0.028125 0.03125
2 0.7546875 0.8833333333333333 0.0265625 0.029166666666666667