0 0.43515625 0.6354166666666666 0.075 0.16458333333333333
1 0.33515625 0.746875 0.1203125 0.16875
1 0.4234375 0.8708333333333333 0.146875 0.20833333333333334
1 0.50078125 0.7739583333333333 0.18125 0.24375
1 0.56484375 0.95 0.2140625 0.1
1 0.30703125 0.22083333333333333 0.109375 0.20416666666666666
0 0.31171875 0.3375 0.0578125 0.11041666666666666
1 0.70625 0.9041666666666667 0.278125 0.19166666666666668
1 0.27890625 0.12291666666666666 0.0984375 0.19375
1 0.32109375 0.052083333333333336 0.1046875 0.10416666666666667
2 0.45390625 0.78125 0.0390625 0.04375
2 0.378125 0.8760416666666667 0.0328125 0.035416666666666666
2 0.29375 0.7552083333333334 0.0265625 0.029166666666666667
2 0.26796875 0.21875 0.028125 0.03125
2 0.2453125 0.11666666666666667 0.0265625 0.029166666666666667