0 0.38359375 0.4947916666666667 0.0625 0.12291666666666666
0 0.38515625 0.7114583333333333 0.06875 0.125
1 0.4140625 0.071875 0.115625 0.14375
1 0.4578125 0.18125 0.1046875 0.2
1 0.42109375 0.27291666666666664 0.1109375 0.22083333333333333
1 0.4671875 0.3854166666666667 0.0921875 0.1875
1 0.47265625 0.5833333333333334 0.090625 0.18125
1 0.47265625 0.775 0.090625 0.18333333333333332
1 0.440625 0.9104166666666667 0.10625 0.17916666666666667
1 0.46875 0.953125 0.0875 0.09375
2 0.45546875 0.023958333333333335 0.0265625 0.035416666666666666
2 0.496875 0.178125 0.021875 0.022916666666666665
2 0.45859375 0.27291666666666664 0.0234375 0.022916666666666665
2 0.49921875 0.38645833333333335 0.0203125 0.025
2 0.503125 0.5854166666666667 0.021875 0.022916666666666665
2 0.50390625 0.778125 0.025 0.022916666666666665
2 0.471875 0.9260416666666667 0.0234375 0.029166666666666667