2 0.14296875 0.5541666666666667 0.0265625 0.035416666666666666
2 0.259375 0.5041666666666667 0.021875 0.03333333333333333
2 0.32890625 0.5541666666666667 0.021875 0.035416666666666666
2 0.415625 0.503125 0.0203125 0.035416666666666666
2 0.5640625 0.496875 0.021875 0.0375
2 0.7109375 0.4947916666666667 0.021875 0.035416666666666666
2 0.81875 0.5395833333333333 0.0234375 0.0375
1 0.14609375 0.6177083333333333 0.16875 0.1375
1 0.26171875 0.5583333333333333 0.1484375 0.13333333333333333
1 0.3296875 0.603125 0.159375 0.14791666666666667
1 0.415625 0.5427083333333333 0.1390625 0.12083333333333333
1 0.56328125 0.5354166666666667 0.140625 0.11875
1 0.70546875 0.534375 0.14375 0.12083333333333333
1 0.8125 0.578125 0.146875 0.13125
1 0.875 0.5458333333333333 0.128125 0.12916666666666668
1 0.96328125 0.58125 0.0734375 0.125
0 0.6515625 0.6510416666666666 0.090625 0.08958333333333333
0 0.496875 0.6552083333333333 0.090625 0.08125