0 0.45416666666666666 0.39296875 0.20416666666666666 0.096875
0 0.5520833333333334 0.503125 0.24375 0.1296875
0 0.23125 0.5875 0.26875 0.153125
0 0.30625 0.8234375 0.3416666666666667 0.2578125
1 0.565625 0.22109375 0.20416666666666666 0.140625
1 0.671875 0.26640625 0.25 0.165625
1 0.7708333333333334 0.16484375 0.19583333333333333 0.146875
1 0.6614583333333334 0.1265625 0.16458333333333333 0.1015625
1 0.7395833333333334 0.07265625 0.12916666666666668 0.075
1 0.83125 0.103125 0.15625 0.1234375
2 0.65625 0.0921875 0.035416666666666666 0.0359375
2 0.771875 0.11484375 0.03958333333333333 0.0359375
2 0.73125 0.046875 0.03333333333333333 0.025
2 0.83125 0.05859375 0.0375 0.0328125