2 0.05625 0.35390625 0.03958333333333333 0.0265625
2 0.013541666666666667 0.3015625 0.027083333333333334 0.01875
2 0.034375 0.23046875 0.041666666666666664 0.0203125
1 0.7510416666666667 0.690625 0.4979166666666667 0.36875
0 0.5666666666666667 0.6875 0.09375 0.159375
0 0.5479166666666667 0.4375 0.16458333333333333 0.159375
0 0.4010416666666667 0.5125 0.11666666666666667 0.1359375
1 0.2677083333333333 0.3453125 0.19583333333333333 0.15625
1 0.2 0.41796875 0.16875 0.1421875
1 0.16666666666666666 0.27421875 0.16041666666666668 0.1296875
1 0.10729166666666666 0.35234375 0.12291666666666666 0.1046875
1 0.090625 0.2328125 0.14791666666666667 0.109375
1 0.04583333333333333 0.30390625 0.075 0.0875
2 0.09166666666666666 0.27109375 0.03958333333333333 0.0265625