2 0.14260912698412698 0.5539021164021164 0.027281746031746046 0.036375661375661394
2 0.2591765873015873 0.5042989417989417 0.022321428571428558 0.03306878306878301
2 0.32862103174603174 0.5539021164021164 0.022321428571428558 0.036375661375661394
2 0.41542658730158727 0.5026455026455027 0.01984126984126977 0.036375661375661394
2 0.564236111111111 0.4968584656084655 0.022321428571428648 0.03802910052910053
2 0.7105654761904762 0.4952050264550264 0.022321428571428648 0.03472222222222226
2 0.8190724206349206 0.5398478835978835 0.02356150793650791 0.03802910052910047
1 0.14632936507936506 0.6175595238095237 0.16865079365079366 0.1372354497354498
1 0.261656746031746 0.5580357142857142 0.1488095238095238 0.13392857142857148
1 0.32986111111111105 0.6026785714285714 0.1587301587301587 0.1471560846560846
1 0.41542658730158727 0.543154761904762 0.13888888888888892 0.12070105820105823
1 0.5629960317460317 0.5357142857142857 0.14136904761904762 0.11904761904761899
1 0.7056051587301587 0.5348875661375662 0.14384920634920634 0.12070105820105823
1 0.812251984126984 0.5778769841269841 0.14632936507936511 0.13062169312169308
1 0.8748759920634921 0.5456349206349206 0.1277281746031747 0.128968253968254
1 0.9631696428571429 0.5811838624338624 0.07366071428571423 0.1240079365079365
0 0.6516617063492063 0.6514550264550264 0.09052579365079368 0.08928571428571436
0 0.4966517857142857 0.6555886243386243 0.09052579365079368 0.08101851851851857