0 0.5458333333333333 0.60703125 0.20416666666666666 0.096875
0 0.4479166666666667 0.496875 0.24375 0.1296875
0 0.76875 0.4125 0.26875 0.153125
0 0.69375 0.1765625 0.3416666666666667 0.2578125
1 0.434375 0.77890625 0.20416666666666666 0.140625
1 0.328125 0.73359375 0.25 0.165625
1 0.22916666666666666 0.83515625 0.19583333333333333 0.146875
1 0.3385416666666667 0.8734375 0.16458333333333333 0.1015625
1 0.2604166666666667 0.92734375 0.12916666666666668 0.075
1 0.16875 0.896875 0.15625 0.1234375
2 0.34375 0.9078125 0.035416666666666666 0.0359375
2 0.228125 0.88515625 0.03958333333333333 0.0359375
2 0.26875 0.953125 0.03333333333333333 0.025
2 0.16875 0.94140625 0.0375 0.0328125