0 0.728125 0.434375 0.2916666666666667 0.1765625
1 0.2604166666666667 0.2953125 0.49166666666666664 0.453125
1 0.440625 0.625 0.30625 0.24375
1 0.7166666666666667 0.759375 0.28541666666666665 0.2328125
1 0.5489583333333333 0.77890625 0.22083333333333333 0.1765625
1 0.7333333333333333 0.8828125 0.22291666666666668 0.140625
1 0.5854166666666667 0.878125 0.17916666666666667 0.140625
1 0.765625 0.94765625 0.175 0.1046875
1 0.6364583333333333 0.94765625 0.1625 0.1046875
2 0.690625 0.83359375 0.052083333333333336 0.046875
2 0.40729166666666666 0.67890625 0.07083333333333333 0.0515625
2 0.19166666666666668 0.37421875 0.09583333333333334 0.0734375