2 0.6952711640211641 0.16741071428571427 0.03472222222222214 0.029761904761904746
2 0.7647156084656085 0.1345486111111111 0.024801587301587345 0.023561507936507953
2 0.8597883597883597 0.15066964285714285 0.02645502645502636 0.03100198412698414
1 0.24553571428571427 0.7099454365079365 0.49107142857142855 0.41790674603174605
0 0.25049603174603174 0.5499751984126984 0.21329365079365079 0.07068452380952372
0 0.583664021164021 0.5357142857142857 0.2116402116402116 0.12400793650793655
0 0.48363095238095244 0.42596726190476186 0.1802248677248678 0.08804563492063493
1 0.7060185185185185 0.3255208333333333 0.20833333333333334 0.14756944444444448
1 0.609292328042328 0.275297619047619 0.1901455026455026 0.12648809523809526
1 0.8010912698412699 0.24987599206349204 0.1736111111111112 0.12028769841269842
1 0.6969246031746031 0.2058531746031746 0.14054232804232805 0.09176587301587302
1 0.8564814814814814 0.19283234126984125 0.14550264550264558 0.11036706349206352
1 0.7614087301587301 0.1593501984126984 0.11739417989417997 0.05580357142857144
2 0.8052248677248677 0.19345238095238093 0.036375661375661394 0.029761904761904746