0 0.2719907407407407 0.5654761904761905 0.2926587301587302 0.17609126984126977
1 0.739914021164021 0.7043650793650793 0.4910714285714285 0.4538690476190476
1 0.5596891534391534 0.3751240079365079 0.30588624338624343 0.24429563492063483
1 0.2835648148148148 0.2405753968253968 0.28604497354497355 0.23313492063492064
1 0.4505621693121693 0.22073412698412698 0.21990740740740738 0.17609126984126985
1 0.26703042328042326 0.1171875 0.22321428571428573 0.14012896825396828
1 0.4150132275132275 0.12214781746031744 0.17857142857142858 0.14012896825396828
1 0.2347883597883598 0.05208333333333333 0.17526455026455026 0.10416666666666666
1 0.3637566137566137 0.05208333333333333 0.16203703703703703 0.10416666666666666
2 0.3091931216931217 0.1661706349206349 0.052910052910052956 0.04712301587301586
2 0.5927579365079365 0.3211805555555555 0.07109788359788353 0.0520833333333333
2 0.8085317460317459 0.6256200396825397 0.09589947089947089 0.0731646825396826