0 0.45386904761904756 0.3931051587301587 0.20337301587301582 0.09672619047619051
0 0.5522486772486772 0.5034722222222222 0.24470899470899474 0.12896825396825395
0 0.23148148148148143 0.587797619047619 0.26785714285714285 0.1537698412698413
0 0.3067129629629629 0.8234126984126984 0.34226190476190477 0.2579365079365079
1 0.5654761904761904 0.22073412698412698 0.20502645502645506 0.14136904761904762
1 0.6721230158730158 0.2666170634920635 0.24966931216931224 0.16617063492063489
1 0.7705026455026455 0.16493055555555552 0.19510582010582003 0.14632936507936506
1 0.6613756613756614 0.12648809523809523 0.1653439153439154 0.10168650793650795
1 0.7390873015873016 0.07254464285714285 0.128968253968254 0.07564484126984128
1 0.8316798941798941 0.1029265873015873 0.15542328042328038 0.12400793650793651
2 0.6564153439153438 0.0923859126984127 0.036375661375661394 0.035962301587301584
2 0.7721560846560845 0.11470734126984125 0.03968253968253966 0.035962301587301584
2 0.7308201058201058 0.04712301587301587 0.03306878306878313 0.024801587301587304
2 0.8308531746031745 0.05890376984126984 0.03802910052910065 0.03348214285714286