2 0.540625 0.9760416666666667 0.0265625 0.035416666666666666
2 0.503125 0.8208333333333333 0.025 0.029166666666666667
2 0.540625 0.728125 0.0265625 0.029166666666666667
2 0.50234375 0.6125 0.0265625 0.027083333333333334
2 0.49765625 0.41458333333333336 0.028125 0.029166666666666667
2 0.49609375 0.21875 0.0265625 0.029166666666666667
2 0.5296875 0.075 0.028125 0.03125
1 0.5875 0.9291666666666667 0.103125 0.14166666666666666
1 0.54375 0.8177083333333334 0.1 0.19791666666666666
1 0.57734375 0.7270833333333333 0.1109375 0.2125
1 0.53203125 0.6125 0.090625 0.18541666666666667
1 0.5265625 0.415625 0.0890625 0.1875
1 0.52578125 0.22604166666666667 0.090625 0.19166666666666668
1 0.55859375 0.090625 0.0984375 0.18125
1 0.534375 0.042708333333333334 0.096875 0.08541666666666667
0 0.61328125 0.29791666666666666 0.0671875 0.12083333333333333
0 0.61640625 0.5041666666666667 0.0609375 0.12083333333333333