1 0.8671914062500001 0.25261805555555555 0.9999960937499999 0.25261805555555555 0.9999960937499999 0.03260416666666667 0.8671914062500001 0.03260416666666667 0.8671914062500001 0.25261805555555555
1 0.78993359375 0.47281944444444446 0.9562226562499999 0.47281944444444446 0.9562226562499999 0.230125 0.78993359375 0.230125 0.78993359375 0.47281944444444446
1 0.6753554687500001 0.2708541666666667 0.86233203125 0.2708541666666667 0.86233203125 0.020256944444444445 0.6753554687500001 0.020256944444444445 0.6753554687500001 0.2708541666666667
1 0.57031640625 0.5120902777777777 0.77790234375 0.5120902777777777 0.77790234375 0.24710416666666665 0.57031640625 0.24710416666666665 0.57031640625 0.5120902777777777
1 0.43576953124999995 0.29889583333333336 0.65165234375 0.29889583333333336 0.65165234375 0.034131944444444444 0.43576953124999995 0.034131944444444444 0.43576953124999995 0.29889583333333336
1 0.32899609375 0.5597638888888888 0.54908203125 0.5597638888888888 0.54908203125 0.2887638888888889 0.32899609375 0.2887638888888889 0.32899609375 0.5597638888888888
1 0.21094531249999998 0.34799305555555554 0.4133671875 0.34799305555555554 0.4133671875 0.09278472222222223 0.21094531249999998 0.09278472222222223 0.21094531249999998 0.34799305555555554
1 0.13281640625 0.5948402777777778 0.31552734375 0.5948402777777778 0.31552734375 0.34124305555555556 0.13281640625 0.34124305555555556 0.13281640625 0.5948402777777778
1 0.0442734375 0.40969444444444447 0.1963828125 0.40969444444444447 0.1963828125 0.17302777777777778 0.0442734375 0.17302777777777778 0.0442734375 0.40969444444444447
1 0 0.6228819444444444 0.123 0.6228819444444444 0.123 0.4014236111111111 0 0.4014236111111111 0 0.6228819444444444
2 0.20868359375 0.48837638888888885 0.2113390625 0.48775972222222225 0.21503437500000003 0.4832444444444444 0.21641953125 0.47729305555555557 0.21722812500000002 0.47216111111111114 0.21699687499999998 0.4645666666666667 0.21538046875 0.46107777777777775 0.21318671875 0.4571777777777778 0.2112234375 0.455125 0.20822109375000003 0.4543041666666667 0.2064890625 0.455125 0.20406484374999997 0.4586152777777777 0.20267890624999998 0.4614888888888889 0.20002343749999998 0.4616930555555555 0.198753125 0.462925 0.1975984375 0.4657986111111111 0.19644375 0.47010833333333335 0.196559375 0.47441944444444445 0.19713671875 0.4785236111111111 0.19994921875 0.48399166666666665 0.20533437499999999 0.4844763888888889 0.20868359375 0.48837638888888885
2 0.31038828125 0.21787222222222222 0.31050390625 0.21089305555555554 0.30969531250000004 0.20760972222222224 0.30600078124999996 0.20678888888888888 0.30334531249999996 0.19898888888888888 0.29999609375 0.19467916666666668 0.2961859375 0.19467916666666668 0.29318359374999997 0.19693611111111112 0.29087421875 0.20268333333333333 0.29052812499999997 0.20945694444444443 0.2917984375 0.2154097222222222 0.29318359374999997 0.22218194444444445 0.2948 0.2262875 0.29814921875 0.22854583333333334 0.30138203125 0.22834027777777777 0.30348046875 0.22789583333333335 0.3075015625 0.22423472222222224 0.31038828125 0.21787222222222222
2 0.43921328125 0.43709861111111115 0.44127109375 0.4325263888888889 0.44240312499999995 0.42649027777777776 0.4431234375 0.4221 0.4431234375 0.4180763888888889 0.44147734375000003 0.41423611111111114 0.43921328125 0.41075972222222223 0.43705234375 0.4091138888888889 0.43417109375 0.4083819444444445 0.431084375 0.4089305555555556 0.4290265625 0.4103944444444444 0.42624765625 0.41332083333333336 0.42449843749999994 0.4180763888888889 0.42449843749999994 0.4237472222222222 0.42439609375 0.42905138888888883 0.42501328125000004 0.43362361111111114 0.4267625 0.43746527777777783 0.42923203125000003 0.4409402777777777 0.433571875 0.44197222222222227 0.4373609375 0.44148888888888893 0.43921328125 0.43709861111111115
2 0.5505328125 0.14690277777777777 0.54868046875 0.1450736111111111 0.5463140625 0.14415833333333333 0.5431242187499999 0.1450736111111111 0.54147734375 0.14726805555555555 0.5395226562500001 0.1500111111111111 0.5373617187499999 0.15458472222222222 0.53664140625 0.15732777777777776 0.53715546875 0.16226666666666667 0.53880234375 0.16811944444444446 0.541271875 0.17177777777777778 0.54507890625 0.17415555555555556 0.54878359375 0.1734236111111111 0.55135546875 0.1694 0.5541343750000001 0.1633638888888889 0.55300234375 0.15579305555555556 0.5518703125 0.15037777777777778 0.5505328125 0.14690277777777777
2 0.6900304687500001 0.37579166666666663 0.6881781250000001 0.37066944444444444 0.6854 0.36755972222222216 0.68293046875 0.36628055555555555 0.6802546875 0.36719444444444443 0.6774765625 0.36719444444444443 0.67521328125 0.3682916666666667 0.673875 0.37323055555555557 0.672640625 0.3787180555555556 0.6731546875000001 0.3854847222222222 0.6751101562499999 0.38950972222222224 0.678403125 0.39426527777777776 0.6816953125 0.3949972222222223 0.68498828125 0.39316805555555556 0.68918671875 0.38582361111111113 0.689825 0.3807291666666667 0.6900304687500001 0.37579166666666663
2 0.79110078125 0.13811527777777777 0.7908953125 0.13409166666666666 0.78966015625 0.1302513888888889 0.7880140625000001 0.12640972222222221 0.7856468750000001 0.12476388888888888 0.78266328125 0.12567777777777778 0.7786500000000001 0.13189722222222222 0.7737109375 0.13409166666666666 0.77155 0.1372013888888889 0.7709328125 0.14159166666666667 0.771653125 0.14707777777777778 0.7730937499999999 0.15183333333333332 0.7754601562500001 0.15695555555555554 0.77844453125 0.15878472222222223 0.782971875 0.15713888888888888 0.7881265625 0.14452361111111112 0.790175 0.141225 0.79110078125 0.13811527777777777
2 0.90152890625 0.36493194444444443 0.90243359375 0.35510277777777777 0.900825 0.3500986111111111 0.8939882812500001 0.34652361111111113 0.88795625 0.3427708333333333 0.8847390624999999 0.34420138888888885 0.8821249999999999 0.34741805555555555 0.8813203125 0.3520638888888889 0.8816218750000001 0.3579611111111112 0.8821249999999999 0.36564583333333334 0.89259921875 0.3667472222222222 0.8988140625 0.3699361111111111 0.90152890625 0.36493194444444443
2 0.95788828125 0.12511805555555555 0.9567828125 0.12172222222222222 0.9550734375 0.11814861111111111 0.9521578125 0.11689722222222222 0.95034765625 0.12333055555555555 0.948940625 0.12887083333333335 0.94733203125 0.13315972222222222 0.9414 0.13977222222222221 0.9423046875000001 0.14424027777777776 0.9446171874999999 0.14745694444444443 0.9482367187499999 0.14870833333333333 0.9524593749999999 0.14870833333333333 0.954871875 0.14835 0.956640625 0.1351125 0.9581898437499999 0.13190833333333335 0.95788828125 0.12511805555555555