2 0.788871875 0.17348055555555555 0.78977109375 0.16868333333333332 0.788646875 0.1622861111111111 0.786846875 0.15748888888888887 0.7836984375 0.15589027777777778 0.7785249999999999 0.1614875 0.7762757812500001 0.1642861111111111 0.7731273437499999 0.1642861111111111 0.769528125 0.16828333333333334 0.769303125 0.17508055555555557 0.770428125 0.18067777777777777 0.77290234375 0.1834763888888889 0.7762757812500001 0.1886736111111111 0.77965 0.18907361111111112 0.7827984375 0.185475 0.7859476562500001 0.17707916666666668 0.788871875 0.17348055555555555
2 0.68176015625 0.4249888888888889 0.683109375 0.42219027777777773 0.684684375 0.4201916666666667 0.68648359375 0.4161930555555555 0.6871578125 0.4117958333333333 0.6873828125 0.4077972222222222 0.6867085937499999 0.4038 0.68535859375 0.40060138888888885 0.683109375 0.39740277777777777 0.6801859375 0.39540277777777777 0.6770367187499999 0.3958027777777778 0.6734382812499999 0.39700277777777776 0.67163828125 0.3990013888888889 0.6696140625 0.4038 0.66871484375 0.41019583333333337 0.66916484375 0.41499444444444444 0.6707390625 0.42099166666666665 0.6738875 0.4249888888888889 0.67453984375 0.4258805555555556 0.6795109375 0.42698749999999996 0.68176015625 0.4249888888888889
2 0.5509234375000001 0.19849861111111114 0.55182578125 0.1950236111111111 0.5521265625 0.1894111111111111 0.55182578125 0.18460000000000001 0.5509234375000001 0.17818472222222223 0.54896796875 0.17444166666666666 0.5459609375000001 0.17280694444444444 0.5422015625000001 0.17414305555555554 0.53874296875 0.1781527777777778 0.53829140625 0.18109305555555555 0.53528359375 0.18590416666666668 0.5340812500000001 0.19205277777777777 0.5348328125 0.19365555555555553 0.53588515625 0.19686388888888887 0.5378406250000001 0.20194305555555556 0.54084765625 0.2043486111111111 0.54505859375 0.20541805555555556 0.547915625 0.2043486111111111 0.54956953125 0.20277638888888888 0.5509234375000001 0.19849861111111114
2 0.43239765625000004 0.4674027777777777 0.43507578125 0.4656166666666667 0.43741953125000005 0.46323611111111107 0.43859140625000004 0.46070694444444443 0.43909374999999995 0.45669027777777776 0.43959609374999997 0.4508875 0.43909374999999995 0.4452333333333333 0.43666640624999997 0.4404722222222222 0.43289999999999995 0.43675277777777777 0.428546875 0.4361583333333333 0.42486406250000003 0.43898472222222223 0.42193515625 0.44240694444444445 0.42034453125000004 0.4470194444444444 0.4198421875 0.4511847222222222 0.42001015625000004 0.45460694444444444 0.42076328125 0.4586236111111111 0.42210234375000005 0.46130277777777773 0.42369296875 0.46487361111111114 0.4259765625 0.4669013888888889 0.42879843749999996 0.46755138888888886 0.43239765625000004 0.4674027777777777
2 0.29660078125 0.21786805555555558 0.29278515625 0.21956388888888892 0.29066484375 0.22201249999999997 0.289075 0.22578055555555557 0.28854531250000004 0.2299263888888889 0.28886328125 0.23444722222222222 0.28992265625 0.23783888888888888 0.29119453125 0.24179583333333332 0.2923609375 0.2497083333333333 0.29342109375000003 0.2557375 0.2973421875 0.2566805555555556 0.30296015625 0.25555 0.305928125 0.2532888888888889 0.30688203125 0.2476361111111111 0.30741171875 0.2423611111111111 0.30730625 0.23614305555555554 0.3065640625 0.23086805555555553 0.3034171875 0.22578055555555557 0.29935625 0.21880972222222222 0.29660078125 0.21786805555555558
2 0.20652109375 0.506926388888889 0.21063203125 0.5061569444444445 0.21293984375 0.5028236111111112 0.21431015625 0.4964138888888889 0.21438203125 0.4883361111111111 0.2127234375 0.4834652777777778 0.21034375 0.4779513888888889 0.20659296875000002 0.4757722222222222 0.20161640625000002 0.4805152777777778 0.19844296875 0.4812847222222222 0.1964234375 0.4828236111111111 0.19498125 0.48538749999999997 0.19425937499999998 0.4883361111111111 0.19397109375 0.4943625 0.19433203125 0.49833611111111115 0.1954859375 0.5021819444444445 0.19828984375 0.5053013888888889 0.20305859375000002 0.5051305555555555 0.20652109375 0.506926388888889
1 1 0.07246527777777777 0.87241796875 0.07246527777777777 0.87241796875 0.28400694444444446 1 0.28400694444444446 1 0.07246527777777777
1 0.786078125 0.4966041666666667 0.947125 0.4966041666666667 0.947125 0.2608125 0.786078125 0.2608125 0.786078125 0.4966041666666667
1 0.67297265625 0.3022708333333333 0.8607617187500001 0.3022708333333333 0.8607617187500001 0.05436805555555556 0.67297265625 0.05436805555555556 0.67297265625 0.3022708333333333
1 0.56590234375 0.5422430555555556 0.77303515625 0.5422430555555556 0.77303515625 0.2775625 0.56590234375 0.2775625 0.56590234375 0.5422430555555556
1 0.435453125 0.3253888888888889 0.65171875 0.3253888888888889 0.65171875 0.06711111111111111 0.435453125 0.06711111111111111 0.435453125 0.3253888888888889
1 0.32649609375 0.5829652777777778 0.54494140625 0.5829652777777778 0.54494140625 0.31375694444444446 0.32649609375 0.31375694444444446 0.32649609375 0.5829652777777778
1 0.21000390625 0.37009027777777775 0.41190234375 0.37009027777777775 0.41190234375 0.11671527777777778 0.21000390625 0.11671527777777778 0.21000390625 0.37009027777777775
1 0.1285625 0.6134861111111111 0.31328125 0.6134861111111111 0.31328125 0.36201388888888886 0.1285625 0.36201388888888886 0.1285625 0.6134861111111111
1 0.042976562499999996 0.42404166666666665 0.1947109375 0.42404166666666665 0.1947109375 0.19445833333333332 0.042976562499999996 0.19445833333333332 0.042976562499999996 0.42404166666666665
1 0 0.6348125 0.11951562499999999 0.6348125 0.11951562499999999 0.41899305555555555 0 0.41899305555555555 0 0.6348125