1 0.500875 0 0.500875 0.3427777777777778 0.7179375 0.3427777777777778 0.7179375 0 0.500875 0
1 0.29340625 0.4587986111111111 0.497 0.4587986111111111 0.497 0.06500694444444445 0.29340625 0.06500694444444445 0.29340625 0.4587986111111111
1 0.42621875 0.6256944444444444 0.602734375 0.6256944444444444 0.602734375 0.3011111111111111 0.42621875 0.3011111111111111 0.42621875 0.6256944444444444
1 0.27170703125 0.6902083333333333 0.42677734375 0.6902083333333333 0.42677734375 0.39987500000000004 0.27170703125 0.39987500000000004 0.27170703125 0.6902083333333333
1 0.3845546875 0.7911874999999999 0.5222578125 0.7911874999999999 0.5222578125 0.5464791666666666 0.3845546875 0.5464791666666666 0.3845546875 0.7911874999999999
1 0.26562890625 0.8206388888888889 0.38574609375 0.8206388888888889 0.38574609375 0.6205555555555555 0.26562890625 0.6205555555555555 0.26562890625 0.8206388888888889
1 0.3576484375 0.8879722222222223 0.46860156249999996 0.8879722222222223 0.46860156249999996 0.7146944444444445 0.3576484375 0.7146944444444445 0.3576484375 0.8879722222222223
1 0.26997265625 0.9047986111111112 0.35971484375 0.9047986111111112 0.35971484375 0.7764236111111111 0.26997265625 0.7764236111111111 0.26997265625 0.9047986111111112
1 0.34809375 0.9580902777777779 0.42993750000000003 0.9580902777777779 0.42993750000000003 0.8366041666666667 0.34809375 0.8366041666666667 0.34809375 0.9580902777777779
2 0.3935828125 0.37490833333333334 0.39634609374999996 0.3694694444444444 0.39674140625 0.3664861111111111 0.3976296875 0.3508722222222222 0.40128125 0.3389416666666667 0.40187343750000004 0.3333263888888889 0.400590625 0.3257819444444444 0.39861640625 0.3228 0.395359375 0.32051944444444447 0.3914109375 0.3182375 0.38746328124999996 0.3171847222222222 0.38391015624999997 0.31806249999999997 0.38085 0.32034305555555553 0.37769140625 0.3240277777777778 0.37631015625 0.32981805555555554 0.3757171875 0.33402916666666665 0.3783828125 0.3463097222222222 0.37848125 0.3673638888888889 0.3795671875 0.3706972222222222 0.38302187499999996 0.37368055555555557 0.38700703125 0.37588194444444445 0.39042421875 0.3761361111111111 0.3935828125 0.37490833333333334
2 0.52145078125 0.5774833333333333 0.52268125 0.5737805555555556 0.52258671875 0.5559402777777778 0.52608984375 0.5424763888888889 0.5252375 0.5372597222222222 0.5207875 0.5335569444444445 0.5170953125 0.5315375 0.5110359375 0.5322111111111111 0.50686953125 0.5340611111111111 0.505165625 0.5394472222222222 0.50639609375 0.5561083333333333 0.5065859374999999 0.5769777777777777 0.508384375 0.5796708333333334 0.51351875 0.5816625000000001 0.51832578125 0.5813541666666666 0.52145078125 0.5774833333333333
2 0.35061875 0.6530708333333334 0.3514703125 0.6377555555555556 0.3545953125 0.6253013888888889 0.3545953125 0.6205888888888889 0.35260703125 0.6155402777777778 0.349009375 0.6128472222222222 0.3440859375 0.611163888888889 0.33878359375 0.6121736111111111 0.33736328125 0.6163819444444445 0.33717421875000003 0.6251333333333333 0.33726875 0.6338847222222223 0.3365109375 0.6481902777777778 0.33831015625 0.6515555555555556 0.34331796875 0.6555472222222223 0.34692578125 0.6550902777777778 0.35061875 0.6530708333333334
2 0.459390625 0.7443972222222223 0.45721328124999994 0.7405263888888889 0.45437265625 0.7385069444444444 0.4484078125 0.7381708333333332 0.44499921875000004 0.7391805555555556 0.44357968750000004 0.743725 0.443484375 0.7475958333333333 0.44537812499999996 0.7561791666666666 0.44556796875 0.7674541666666667 0.4469875 0.7696430555555556 0.450775 0.7706527777777777 0.455225 0.7699791666666667 0.45779218750000006 0.766838888888889 0.45778125000000003 0.7551694444444444 0.459390625 0.7443972222222223
2 0.32975859375 0.7902375 0.32814921875 0.7882180555555556 0.3242671875 0.7872083333333333 0.32000703124999996 0.7872083333333333 0.31621953125 0.7885541666666667 0.3163140625 0.7984847222222222 0.3163140625 0.8013458333333334 0.31603046875 0.8092555555555555 0.31640859374999997 0.8112750000000001 0.3194390625 0.8127888888888889 0.32332031250000004 0.8129583333333333 0.32559296875 0.811948611111111 0.32696484375 0.8033194444444445 0.3299484375 0.7934347222222222 0.32975859375 0.7902375
2 0.41622890625000003 0.8887291666666667 0.41689218749999996 0.8764444444444444 0.41859609375 0.8676930555555556 0.41859609375 0.865 0.41698671875000004 0.8619708333333334 0.413578125 0.8609611111111112 0.40884375000000006 0.8607916666666666 0.40619296875 0.8614652777777778 0.40600390624999994 0.8661777777777778 0.4062875 0.8724055555555554 0.40713984375 0.8767805555555556 0.40742421875 0.8840180555555557 0.40716953125 0.8886847222222222 0.4102640625 0.8895708333333333 0.41622890625000003 0.8887291666666667