2 0.48135546875 0.6099861111111111 0.48391171875000005 0.6053152777777778 0.48483515625000007 0.6005194444444445 0.48490625 0.5872652777777778 0.48391171875000005 0.5828472222222222 0.48149765625 0.5791861111111112 0.46978046874999996 0.5781763888888889 0.46317578125000003 0.5721166666666666 0.459128125 0.5741375000000001 0.45607499999999995 0.5770402777777778 0.45394453125 0.5817111111111111 0.4515296875 0.5900416666666667 0.45195625 0.5974888888888888 0.45429921875 0.6055680555555556 0.45713984375 0.6107430555555555 0.46211015624999996 0.6141833333333333 0.46992265624999996 0.6099861111111111 0.48135546875 0.6099861111111111
2 0.5755125 0.33795694444444446 0.57637265625 0.33388194444444447 0.57630078125 0.3238222222222222 0.5747960937500001 0.31821805555555555 0.5735781249999999 0.31605416666666664 0.562975 0.3163083333333333 0.5542351562500001 0.3121055555555556 0.5520140625 0.31350694444444444 0.5499367187499999 0.3193638888888889 0.5490765625 0.32598611111111114 0.5492203124999999 0.3340097222222222 0.550653125 0.33910277777777775 0.55265859375 0.34317916666666665 0.5542351562500001 0.3444513888888889 0.5636203125 0.34190694444444447 0.57386484375 0.34126805555555556 0.5755125 0.33795694444444446
2 0.6403140625 0.5980833333333333 0.64109765625 0.5958041666666667 0.64145390625 0.5911180555555556 0.64145390625 0.5846597222222222 0.64088359375 0.5812402777777778 0.63917421875 0.5774416666666666 0.6305539062500001 0.5776944444444444 0.624640625 0.5732625 0.62086484375 0.5757958333333333 0.6187984375 0.5808611111111112 0.6178015625 0.5879527777777778 0.6180859375 0.5954236111111111 0.6202234375 0.6003625 0.62350078125 0.6020097222222223 0.63026875 0.6003625 0.6393875 0.6004902777777777 0.6403140625 0.5980833333333333
2 0.68874296875 0.3881819444444444 0.690809375 0.387675 0.69280390625 0.38526944444444444 0.69351640625 0.37995 0.69351640625 0.3751375 0.6926617187499999 0.37159166666666665 0.6892421875 0.36893333333333334 0.6809062499999999 0.3690597222222222 0.6751359375 0.3676666666666667 0.6733546875 0.36969305555555554 0.67214375 0.3738722222222222 0.6712171875 0.3781777777777778 0.6717164062500001 0.38362222222222225 0.67292734375 0.387675 0.67475078125 0.38932500000000003 0.68168984375 0.3883083333333333 0.68874296875 0.3881819444444444
2 0.73063984375 0.5941333333333334 0.73206484375 0.5926138888888889 0.73363203125 0.5886888888888889 0.73363203125 0.5826097222222222 0.7326343750000001 0.5789375 0.73014140625 0.576911111111111 0.7247265625 0.5762777777777778 0.7186 0.5736194444444445 0.717175 0.5780513888888889 0.71639140625 0.5822305555555556 0.7162484375 0.5867888888888889 0.7164625 0.5921083333333333 0.7194546875000001 0.5981861111111111 0.72501171875 0.5942611111111111 0.73063984375 0.5941333333333334
2 0.762196875 0.42136666666666667 0.76312265625 0.41807500000000003 0.76312265625 0.41186944444444445 0.76276640625 0.4076902777777777 0.7598453125 0.40351111111111115 0.7547875000000001 0.40452499999999997 0.749871875 0.40262499999999996 0.748090625 0.40604444444444443 0.747378125 0.4104763888888889 0.74744921875 0.4146555555555556 0.74780546875 0.4206069444444444 0.75007109375 0.42429999999999995 0.755428125 0.42149444444444445 0.762196875 0.42136666666666667
1 0.02430859375 0.8108472222222222 0.30733203124999997 0.8108472222222222 0.30733203124999997 0.39443055555555556 0.02430859375 0.39443055555555556 0.02430859375 0.8108472222222222
1 0.20205859375 0.45625 0.43936328125 0.45625 0.43936328125 0.10094444444444445 0.20205859375 0.10094444444444445 0.20205859375 0.45625
1 0.32055859375 0.7578263888888889 0.53091015625 0.7578263888888889 0.53091015625 0.42414583333333333 0.32055859375 0.42414583333333333 0.32055859375 0.7578263888888889
1 0.430953125 0.4796319444444444 0.6059375 0.4796319444444444 0.6059375 0.19186805555555558 0.430953125 0.19186805555555558 0.430953125 0.4796319444444444
1 0.50641796875 0.7193819444444445 0.66301953125 0.7193819444444445 0.66301953125 0.4547569444444445 0.50641796875 0.4547569444444445 0.50641796875 0.7193819444444445
1 0.5778203125 0.4951805555555555 0.7072109375 0.4951805555555555 0.7072109375 0.26840277777777777 0.5778203125 0.26840277777777777 0.5778203125 0.4951805555555555
1 0.63706640625 0.6866388888888889 0.73574609375 0.6866388888888889 0.73574609375 0.48086111111111113 0.63706640625 0.48086111111111113 0.63706640625 0.6866388888888889
1 0.687203125 0.5099027777777778 0.761984375 0.5099027777777778 0.761984375 0.3242083333333333 0.687203125 0.3242083333333333 0.687203125 0.5099027777777778
1 0.72315234375 0.6547291666666666 0.78730078125 0.6547291666666666 0.78730078125 0.49615972222222227 0.72315234375 0.49615972222222227 0.72315234375 0.6547291666666666
1 0.7535429687499999 0.5099027777777778 0.80617578125 0.5099027777777778 0.80617578125 0.361125 0.7535429687499999 0.361125 0.7535429687499999 0.5099027777777778