1 0.01737109375 0.8248472222222222 0.31316015625000004 0.8248472222222222 0.31316015625000004 0.38290277777777776 0.01737109375 0.38290277777777776 0.01737109375 0.8248472222222222
1 0.19618750000000001 0.45879166666666665 0.4425625 0.45879166666666665 0.4425625 0.09895833333333333 0.19618750000000001 0.09895833333333333 0.19618750000000001 0.45879166666666665
1 0.313375 0.7757708333333333 0.5309375000000001 0.7757708333333333 0.5309375000000001 0.4122291666666667 0.313375 0.4122291666666667 0.313375 0.7757708333333333
1 0.42275 0.48543749999999997 0.605890625 0.48543749999999997 0.605890625 0.19000694444444446 0.42275 0.19000694444444446 0.42275 0.48543749999999997
1 0.5034765625000001 0.7280763888888889 0.6698046875 0.7280763888888889 0.6698046875 0.45697916666666666 0.5034765625000001 0.45697916666666666 0.5034765625000001 0.7280763888888889
1 0.574328125 0.4980625 0.7118125 0.4980625 0.7118125 0.2640763888888889 0.574328125 0.2640763888888889 0.574328125 0.4980625
1 0.6271914062499999 0.6902083333333333 0.74305859375 0.6902083333333333 0.74305859375 0.4770416666666667 0.6271914062499999 0.4770416666666667 0.6271914062499999 0.6902083333333333
1 0.68143359375 0.5191041666666667 0.76922265625 0.5191041666666667 0.76922265625 0.31500694444444444 0.68143359375 0.31500694444444444 0.68143359375 0.5191041666666667
1 0.7005273437499999 0.6691736111111111 0.78973828125 0.6691736111111111 0.78973828125 0.4909375 0.7005273437499999 0.4909375 0.7005273437499999 0.6691736111111111
1 0.74913671875 0.5078819444444445 0.81183203125 0.5078819444444445 0.81183203125 0.36439583333333336 0.74913671875 0.36439583333333336 0.74913671875 0.5078819444444445
2 0.47038671875000004 0.6116416666666666 0.47727031249999996 0.6111805555555556 0.48207656249999997 0.6104875 0.48376484375000006 0.6054083333333333 0.48532343750000007 0.5996361111111111 0.48571328124999996 0.5927097222222222 0.48480390624999997 0.5862458333333334 0.48298593749999996 0.5813972222222222 0.48129687499999996 0.5781638888888889 0.47649140624999997 0.5779333333333334 0.471165625 0.5770097222222222 0.46921796875000005 0.5770097222222222 0.46545078125000006 0.5740083333333333 0.46186015625000004 0.5738541666666667 0.4588453125 0.5741097222222222 0.45531953124999996 0.5786263888888888 0.4543953125 0.5868680555555555 0.45415078124999997 0.5968652777777778 0.45506015624999996 0.6033305555555556 0.45739765625000006 0.6134888888888889 0.46026249999999996 0.6140305555555555 0.4659703125 0.6125652777777778 0.47038671875000004 0.6116416666666666
2 0.5534828125 0.3133666666666667 0.5511445312500001 0.31752222222222226 0.548546875 0.3258347222222222 0.5477671875000001 0.33160555555555554 0.5498453125 0.3399180555555556 0.5534828125 0.34522777777777774 0.5566 0.34592083333333334 0.56127578125 0.3433805555555556 0.5654320312500001 0.3433805555555556 0.5702375 0.3436125 0.5743945312500001 0.34084166666666665 0.57569296875 0.3348388888888889 0.5769921874999999 0.32721944444444445 0.5762125 0.32098611111111114 0.5745242187499999 0.31729166666666664 0.5712765625 0.315675 0.568159375 0.31544444444444447 0.56348359375 0.3165986111111111 0.5608859374999999 0.31498333333333334 0.5558203125000001 0.31244305555555557 0.5534828125 0.3133666666666667
2 0.6840078125 0.38745 0.6869953125 0.3876819444444444 0.68894375 0.3876819444444444 0.6911515625 0.3869888888888889 0.69167109375 0.38121666666666665 0.69193125 0.37429027777777774 0.69050234375 0.36875 0.68647578125 0.36713333333333337 0.68128046875 0.3669027777777778 0.6764742187499999 0.36644027777777777 0.6745265625 0.3655166666666667 0.67166875 0.36898055555555553 0.67127890625 0.3796013888888889 0.67231796875 0.39045138888888886 0.67446015625 0.38971944444444445 0.6795921875000001 0.3895291666666667 0.6840078125 0.38745
2 0.6389265625 0.6014097222222222 0.6431640625 0.5914236111111111 0.6426265625 0.5823430555555555 0.63859296875 0.5761291666666667 0.633484375 0.5761291666666667 0.62864453125 0.5761291666666667 0.6227296875 0.5727833333333333 0.619503125 0.5761291666666667 0.6165453125 0.5832986111111111 0.61788984375 0.5919013888888889 0.6201203125 0.6001333333333333 0.62629375 0.6006430555555556 0.6308874999999999 0.5998777777777777 0.6389265625 0.6014097222222222
2 0.72537109375 0.5938749999999999 0.72867265625 0.5938749999999999 0.73125625 0.5938749999999999 0.7331226562500001 0.5920888888888889 0.73341015625 0.5882611111111111 0.73341015625 0.5826472222222222 0.7328359375 0.5800958333333333 0.72953359375 0.577288888888889 0.72637578125 0.5765236111111111 0.72422265625 0.5762680555555556 0.72178203125 0.5742263888888889 0.719771875 0.5739708333333333 0.71718828125 0.5767777777777777 0.71603984375 0.5808611111111112 0.715321875 0.586475 0.7156085937500001 0.5910680555555555 0.71704453125 0.5946402777777778 0.72001875 0.5972319444444445 0.72278671875 0.5951513888888889 0.72537109375 0.5938749999999999
2 0.75545234375 0.4218986111111111 0.75789296875 0.4218986111111111 0.759615625 0.4218986111111111 0.76105078125 0.4218986111111111 0.76176875 0.41909166666666664 0.7619125 0.41551944444444444 0.76205625 0.4119472222222222 0.761625 0.4073541666666667 0.76033359375 0.40505694444444446 0.75875390625 0.4045472222222222 0.75660078125 0.4045472222222222 0.754590625 0.4042916666666666 0.7527250000000001 0.40352638888888887 0.750428125 0.4027611111111111 0.74870546875 0.4042916666666666 0.74827421875 0.4093958333333333 0.7481312499999999 0.41654027777777775 0.74784375 0.42164444444444443 0.74955234375 0.42399722222222225 0.75315546875 0.4226652777777778 0.75545234375 0.4218986111111111