1 0.8019791666666667 0.7699722222222223 0.2532552083333333 0.28648148148148145
1 0.57184375 0.8340787037037036 0.23221614583333333 0.30974999999999997
1 0.5085208333333333 0.5911296296296296 0.18369531249999999 0.2374351851851852
1 0.35456770833333334 0.6733981481481481 0.17440625 0.2383935185185185
1 0.33772135416666665 0.49413425925925925 0.15286458333333333 0.17616203703703703
1 0.19245052083333333 0.5631435185185185 0.1435729166666667 0.2092453703703704
1 0.210640625 0.40246296296296297 0.1261328125 0.16875
1 0.06944791666666666 0.4586435185185185 0.13889322916666666 0.1854259259259259
1 0.0950078125 0.3359768518518519 0.12075781249999999 0.15305555555555556
1 0.03270572916666667 0.2836296296296296 0.06541145833333334 0.1424537037037037
2 0.00039479166666666666 0.23657407407407408 0.0014804687499999998 0.2388550925925926 0.00552734375 0.23727592592592592 0.008587239583333333 0.23499490740740742 0.01075859375 0.23253888888888888 0.010659895833333332 0.22938055555555556 0.00611953125 0.22394166666666668 0.004145572916666667 0.21780092592592593 0.0030598958333333333 0.2144675925925926 0.0013817708333333334 0.2128884259259259 0 0.21359027777777778
2 0.08947682291666667 0.295575 0.09288255208333333 0.2941902777777778 0.09574505208333334 0.2917342592592592 0.09732421875000001 0.2896287037037037 0.09801510416666666 0.28576898148148144 0.09712682291666666 0.2824351851851852 0.09396822916666667 0.27734722222222224 0.091796875 0.2719083333333333 0.09080989583333333 0.26927685185185185 0.08952656249999999 0.2680486111111111 0.08755260416666667 0.26769768518518516 0.0847890625 0.26787314814814817 0.08261744791666666 0.26839953703703706 0.08093958333333333 0.2705046296296296 0.08084088541666666 0.2729611111111111 0.08350572916666667 0.2826106481481481 0.08439401041666666 0.2910324074074074 0.08547994791666666 0.29436574074074073 0.08755260416666667 0.2950675925925926
2 0.052339843750000004 0.4160351851851852 0.055415104166666666 0.4156601851851852 0.058178645833333334 0.4139055555555555 0.06054765625 0.4105722222222222 0.0626203125 0.40776481481481486 0.06390338541666667 0.4044314814814815 0.06360729166666666 0.402150462962963 0.058079947916666666 0.3947819444444445 0.056204687499999996 0.3912726851851852 0.053539583333333335 0.3861847222222222 0.05196041666666666 0.38337777777777776 0.049690364583333334 0.382149537037037 0.04742005208333333 0.3832023148148148 0.045051302083333335 0.3846055555555556 0.04297838541666667 0.3872375 0.04199140625 0.39144814814814816 0.04238619791666667 0.39513287037037037 0.04406432291666666 0.39916805555555557 0.04653177083333333 0.4028523148148148 0.047123958333333334 0.40794027777777775 0.04880182291666667 0.4130287037037037 0.050282552083333334 0.41530925925925927
2 0.19600130208333333 0.3588939814814815 0.19831276041666665 0.36036250000000003 0.20157005208333334 0.3594851851851852 0.20443229166666665 0.35737962962962966 0.20640651041666666 0.35545000000000004 0.20788697916666665 0.3535199074074074 0.20838046875000002 0.35071296296296295 0.20699869791666667 0.34720370370370374 0.20502447916666666 0.34404583333333333 0.20384010416666667 0.340712037037037 0.20235963541666668 0.3347467592592593 0.20127395833333334 0.3315888888888889 0.20018802083333334 0.3296587962962963 0.19781927083333334 0.32895694444444445 0.19564791666666667 0.3286060185185185 0.19347630208333333 0.3294833333333333 0.19160104166666667 0.3315888888888889 0.19002161458333333 0.33439583333333334 0.19120625 0.33913333333333334 0.1933776041666667 0.34597546296296294 0.19396979166666667 0.3484319444444445 0.19466067708333332 0.35422175925925925
2 0.5028906249999999 0.5430097222222222 0.5071924479166666 0.543399537037037 0.5102111979166667 0.5428194444444444 0.5124138020833333 0.5399189814814814 0.5136375 0.5362935185185185 0.5137192708333334 0.5338282407407408 0.5120875 0.524837037037037 0.5124138020833333 0.5157009259259259 0.5123322916666667 0.5117856481481482 0.5115164062499999 0.5088851851851852 0.5096401041666667 0.5067097222222222 0.50751875 0.5054046296296296 0.5045002604166666 0.5052597222222223 0.5026239583333333 0.5065648148148149 0.5010736979166667 0.509175 0.50042109375 0.5133805555555556 0.5003395833333334 0.5207768518518519 0.49993151041666667 0.5226620370370371 0.4983815104166667 0.5271574074074075 0.49772890625 0.5297675925925925 0.497565625 0.5332481481481481 0.49821822916666664 0.5358587962962963 0.49944218749999997 0.5389041666666666
2 0.5610510416666667 0.7936819444444445 0.5633622395833334 0.7955425925925926 0.5659729166666666 0.7965578703703704 0.56939921875 0.7959777777777778 0.5720916666666667 0.7939472222222221 0.5742127604166666 0.7911921296296296 0.5760890624999999 0.7871314814814815 0.5765786458333333 0.7837962962962963 0.57625234375 0.7795907407407408 0.5754364583333333 0.7753851851851853 0.5744575520833333 0.7724847222222222 0.5752731770833334 0.764073611111111 0.5753549479166666 0.7605930555555556 0.5745390625 0.7565328703703704 0.5736416666666667 0.7530523148148148 0.57168359375 0.749862037037037 0.5690729166666666 0.7479763888888888 0.5665437499999999 0.7475416666666667 0.5648307291666667 0.747686574074074 0.5627911458333333 0.7488467592592593 0.56132265625 0.7516018518518519 0.5601804687499999 0.7547925925925927 0.5596093750000001 0.762188425925926 0.5586302083333333 0.7653787037037038 0.5578960937499999 0.7675541666666666 0.5568354166666667 0.7708893518518519 0.5559380208333333 0.7746601851851852 0.5559380208333333 0.7794453703703704 0.5561828125 0.7833611111111111 0.5569986979166667 0.7869865740740741 0.558875 0.790612037037037