1 0.1876536453125 0.7410162027777777 0.3803619796875 0.7410162027777777 0.3803619796875 0.5018171305555555 0.1876536453125 0.5018171305555555 0.1876536453125 0.7410162027777777
1 0.32118098906250003 0.5869699083333333 0.48177213593749996 0.5869699083333333 0.48177213593749996 0.38480786944444445 0.32118098906250003 0.38480786944444445 0.32118098906250003 0.5869699083333333
1 0.3907786453125 0.760525463888889 0.5834869796875 0.760525463888889 0.5834869796875 0.5228726861111112 0.3907786453125 0.5228726861111112 0.3907786453125 0.760525463888889
1 0.4982643234375 0.6082986111111112 0.6614596359375 0.6082986111111112 0.6614596359375 0.39842361111111113 0.4982643234375 0.39842361111111113 0.4982643234375 0.6082986111111112
1 0.5969140625 0.7759606472222222 0.7870182296875 0.7759606472222222 0.7870182296875 0.5290486111111111 0.5969140625 0.5290486111111111 0.5969140625 0.7759606472222222
1 0.6701393234374999 0.613923611111111 0.8411471359375 0.613923611111111 0.8411471359375 0.41176157500000005 0.6701393234374999 0.41176157500000005 0.6701393234374999 0.613923611111111
1 0.7963528640625 0.7939305555555556 0.9803815109375 0.7939305555555556 0.9803815109375 0.5485601861111111 0.7963528640625 0.5485601861111111 0.7963528640625 0.7939305555555556
1 1 0.42157175833333327 0.8463541671874999 0.42157175833333327 0.8463541671874999 0.6129282416666667 1 0.6129282416666667 1 0.42157175833333327
2 0.2736979171875 0.5842592583333334 0.2783854171875 0.5879629638888889 0.28567708281250004 0.5861111111111111 0.2875 0.5810185194444444 0.2875 0.574074075 0.28046875 0.5537037027777778 0.275 0.5518518527777777 0.27005208281250004 0.5564814805555556 0.2697916671875 0.5643518527777778 0.2736979171875 0.5842592583333334
2 0.39401041718749996 0.4449074083333333 0.3973958328125 0.45 0.40130208281249996 0.45046296388888885 0.40390625 0.4486111111111111 0.40598958281249997 0.4435185194444444 0.40625 0.4388888888888889 0.4028645828125 0.42037036944444445 0.40130208281249996 0.4175925916666667 0.396875 0.4171296305555555 0.39375 0.42129629722222217 0.3932291671875 0.4393518527777778 0.39401041718749996 0.4449074083333333
2 0.48072916718750003 0.6060185194444444 0.48619791718750005 0.6078703694444445 0.4908854171875 0.6060185194444444 0.49244791718750003 0.602314813888889 0.4927083328125 0.5935185194444444 0.49036458281249995 0.5745370361111112 0.48645833281249995 0.5712962972222222 0.48229166718750005 0.5726851861111111 0.48020833281249997 0.5787037027777778 0.4791666671875 0.5925925916666667 0.47890625 0.6 0.48072916718750003 0.6060185194444444
2 0.58992421875 0.4595236111111112 0.5889153640625 0.451788425 0.5897348953125 0.44091388888888894 0.5887260421875 0.43788703611111107 0.5876541671875 0.4360935194444444 0.5857622390625 0.4347481472222222 0.5841856765625 0.4346361111111111 0.5818526046875 0.4353087972222222 0.58078046875 0.43676620277777783 0.5802760421875 0.4381111111111111 0.5799606765624999 0.44248333333333334 0.5796455734375 0.4452861111111111 0.5784473953125 0.4492097222222222 0.5767447921875 0.4539180555555556 0.5763033859375 0.4572814805555555 0.5769338546875 0.4597476861111111 0.5782580734375 0.46266250000000003 0.5802760421875 0.46479259166666664 0.5827984374999999 0.46625 0.5859515625 0.46613796388888884 0.5889153640625 0.462438425 0.58992421875 0.4595236111111112
2 0.7017971359375 0.5818555555555556 0.69917890625 0.5817148138888889 0.69735390625 0.5843944444444444 0.6941802078125 0.5934222222222222 0.6917205734375 0.5963842583333333 0.6907684890625 0.5990643527777777 0.6902130203125 0.6038601861111111 0.6902130203125 0.608374075 0.6907684890625 0.6110541666666667 0.6941802078125 0.6159912027777777 0.6975127609375 0.6176837972222222 0.7015591140625 0.617825 0.7047330734374999 0.6140162027777778 0.7064786453125 0.6107722222222222 0.7060026046875 0.6025907416666667 0.7067958328125 0.5989236111111111 0.7075893234375 0.5966666666666667 0.7083033859375 0.5937041666666667 0.7082242187500001 0.5904601861111111 0.7075098953125 0.5882032416666666 0.7060817703125 0.5853819444444445 0.7040981765625001 0.5829842583333333 0.7017971359375 0.5818555555555556
2 0.7742382812499999 0.45222546388888885 0.7736036453125 0.44954536944444445 0.77169921875 0.44672407499999994 0.76916015625 0.444749075 0.76630390625 0.44446713055555553 0.7647169265625 0.4448902777777778 0.76376484375 0.447711575 0.7614638015625 0.4540587972222222 0.76090859375 0.4558925916666666 0.7577346359375 0.4592782416666667 0.7567033859375 0.461675925 0.7561479171875 0.4642148138888889 0.7563065109375 0.4664717583333333 0.7578140624999999 0.4697162027777778 0.7597182296875 0.47267824166666667 0.7623367187500001 0.4749351861111111 0.7636854171875 0.4756407416666667 0.7663833328125 0.4760638888888889 0.7693981765625 0.4742300916666667 0.7704296875 0.47267824166666667 0.7710645828125 0.4671773138888889 0.7713817703125 0.46280463055555554 0.77352421875 0.45617500000000005 0.7742382812499999 0.45222546388888885
2 0.9255471359375 0.6106310194444444 0.9243570312499999 0.6072458333333333 0.9226908859374999 0.6041425916666666 0.919834375 0.6013212972222222 0.9180888015625 0.5999106472222222 0.913725 0.5996287027777778 0.90991640625 0.6068226861111111 0.908646875 0.6080921305555556 0.9015854171875001 0.6145805555555556 0.9005539062500001 0.6168375 0.9006330734375 0.6199407416666667 0.9023786453125 0.6258652777777778 0.9043622390625 0.6300967583333333 0.90721875 0.6337643527777778 0.9105513015625 0.635175 0.9142010421875 0.6348925916666667 0.9160260421875 0.6326356472222222 0.9190408859374999 0.6241722222222222 0.92507109375 0.6150037027777777 0.9255471359375 0.6106310194444444
2 0.9610140625 0.4653435194444444 0.9606966140625 0.4632277777777778 0.9595065109375 0.46054768611111113 0.9580781249999999 0.45843194444444446 0.9560153640625 0.45645694444444446 0.9537143234375 0.4556106472222222 0.9512546875 0.4556106472222222 0.9497471359375 0.4560337972222222 0.9464145828125 0.46195833333333336 0.9448278640625001 0.4643560194444445 0.9403846359375001 0.4660486111111111 0.93895625 0.4698574083333333 0.9386390625000001 0.47267824166666667 0.93879765625 0.4750763888888889 0.9395117187500001 0.47832036944444445 0.9409398437500001 0.4812828694444444 0.9431614578125 0.48368055555555556 0.9457005203125 0.4853736111111111 0.9477635421875 0.48664305555555554 0.9504611984375 0.48664305555555554 0.9527622390625 0.4853736111111111 0.9545078124999999 0.48452685277777774 0.9551424484375 0.4760638888888889 0.9599825515625 0.46774120277777775 0.9610140625 0.4653435194444444