2 0.31735703125000003 0.39821620370370375 0.3209651041666667 0.398312962962963 0.3250213541666667 0.39637175925925927 0.32814166666666666 0.39248935185185185 0.328765625 0.38930000000000003 0.324709375 0.37585 0.322759375 0.3644796296296296 0.32221328125 0.36226111111111114 0.3200291666666667 0.36087453703703704 0.31761093749999997 0.3599041666666667 0.3148807291666667 0.36059722222222224 0.31269635416666663 0.36267731481481486 0.3107463541666667 0.3650342592592593 0.31012213541666667 0.36766898148148147 0.3119942708333333 0.38042592592592595 0.31168229166666667 0.3915185185185185 0.312384375 0.39637175925925927 0.31566067708333334 0.3980356481481481
2 0.38335130208333335 0.5071481481481481 0.38398489583333334 0.5153467592592592 0.38429713541666666 0.5204768518518519 0.38390703125 0.5239435185185185 0.3832049479166667 0.5272712962962963 0.38289296875 0.5318472222222222 0.3831268229166667 0.5369773148148148 0.38492109375 0.5403055555555555 0.38694921875 0.5416921296296296 0.39069348958333333 0.5429398148148148 0.39592005208333336 0.5434944444444445 0.4001322916666667 0.5419694444444444 0.40317447916666665 0.5372546296296297 0.40348671875 0.5325402777777778 0.4037205729166667 0.5296287037037037 0.39997630208333335 0.5192291666666667 0.39888411458333334 0.5056402777777778 0.3985721354166667 0.5018967592592593 0.3977921875 0.4991231481481481 0.39623203125 0.49718194444444447 0.3936578125 0.49648888888888887 0.39069348958333333 0.4960726851851852 0.388509375 0.4967662037037037 0.38648125 0.49870740740740743 0.3845309895833333 0.5000939814814814
2 0.5376528645833333 0.4078277777777778 0.5412984375 0.4076976851851852 0.5441848958333334 0.40506296296296296 0.5462908854166667 0.4017351851851852 0.5464468750000001 0.3985458333333334 0.54597890625 0.39327685185185185 0.5445747395833334 0.3884240740740741 0.5451208333333334 0.37802453703703703 0.5451989583333333 0.37358703703703705 0.5445747395833334 0.3715074074074074 0.5431708333333333 0.3698435185185185 0.5416106770833333 0.3688726851851852 0.5394263020833333 0.3680407407407407 0.5373981770833333 0.3679023148148148 0.5355260416666667 0.3685953703703704 0.5339658854166667 0.37039814814814814 0.5331078125000001 0.37206203703703705 0.5327958333333334 0.3760833333333333 0.5324838541666667 0.38565046296296296 0.5307677083333333 0.3921675925925926 0.5299096354166667 0.39563425925925927 0.52959765625 0.3984074074074074 0.5299096354166667 0.40131944444444445 0.5313138020833333 0.40326064814814816 0.5338098958333333 0.4056175925925926 0.5356041666666667 0.40700416666666667
2 0.6714260416666666 0.5532337962962962 0.6751026041666666 0.5582314814814815 0.67921171875 0.560537962962963 0.6836453124999999 0.5614990740740741 0.6882950520833333 0.5609222222222223 0.6919716145833333 0.5578467592592593 0.69337734375 0.5541949074074074 0.69337734375 0.5507351851851852 0.6918632812500001 0.538625462962963 0.6931609375 0.5274773148148149 0.6937015624999999 0.5220953703703705 0.6932690104166667 0.5186356481481481 0.6916471354166667 0.5149833333333333 0.6894843749999999 0.5124847222222223 0.6864567708333333 0.5107546296296296 0.68396953125 0.5101782407407407 0.68126640625 0.5107546296296296 0.6788872395833334 0.5124847222222223 0.6773734375 0.5151759259259259 0.6756432291666666 0.5288226851851852 0.672075 0.5390101851851852 0.6701286458333333 0.5440074074074074 0.6696960937499999 0.5486208333333333
2 0.7743286458333334 0.41158379629629627 0.7775635416666666 0.4125768518518519 0.78145625 0.4121925925925926 0.7853489583333333 0.4098861111111111 0.7866466145833333 0.40661851851851855 0.7866466145833333 0.3927791666666667 0.7885929687500001 0.38105416666666664 0.7890255208333333 0.3779787037037037 0.7883768229166667 0.37548009259259263 0.7863221354166666 0.3727888888888889 0.78383515625 0.3710592592592593 0.78069921875 0.3695212962962963 0.7781041666666667 0.36932916666666665 0.7758333333333333 0.3704824074074074 0.7743195312500001 0.3722125 0.7732380208333333 0.37759444444444445 0.7720486979166666 0.3856671296296297 0.7704265625000001 0.38989583333333333 0.7681557291666666 0.3948935185185185 0.76675 0.3989300925925926 0.76675 0.403350925925926 0.7681557291666666 0.40604166666666663 0.7706429687499999 0.40930925925925926
1 0.3246171875 0.4474398148148148 0.19295052083333333 0.18399537037037036
1 0.3971041666666667 0.6198750000000001 0.24346614583333331 0.2874629629629629
1 0.5400130208333334 0.4813055555555555 0.20373177083333335 0.23073611111111111
1 0.6821354166666667 0.6397361111111111 0.26784895833333333 0.30319907407407404
1 0.7734296875 0.47173611111111113 0.22862239583333333 0.2085925925925926
1 0.9160078125 0.6703194444444445 0.1679869791666667 0.3088842592592593