1 0.7374140625 0.5007731481481482 0.3376744791666667 0.38425925925925924
1 0.8854166666666666 0.2662037037037037 0.22916666666666666 0.37808796296296293
1 0.6089401041666667 0.2739212962962963 0.2734375 0.3225324074074074
1 0.4266484375 0.4845694444444445 0.25954947916666665 0.327162037037037
1 0.35199739583333334 0.26543055555555556 0.22135416666666666 0.2962962962962963
1 0.1875 0.46218981481481486 0.21701302083333335 0.3163564814814815
1 0.1571171875 0.2523148148148148 0.1805546875 0.22993981481481482
1 0.0390625 0.2461435185185185 0.078125 0.18672685185185184
1 0.052518229166666666 0.4452175925925926 0.10503385416666666 0.2669768518518518
2 0.33959791666666667 0.17383148148148148 0.3441109375 0.18085138888888888 0.3463674479166666 0.18653425925925926 0.3448630208333333 0.1935546296296296 0.3426065104166666 0.19890324074074073 0.3369653645833333 0.2039175925925926 0.3328286458333333 0.20525462962962965 0.3292557291666667 0.20324907407407405 0.32681119791666663 0.20024027777777778 0.32587109375 0.18553148148148146 0.3221104166666667 0.17048842592592592 0.3221104166666667 0.16580833333333334 0.32493098958333333 0.16079398148148147 0.3275635416666667 0.1574509259259259 0.3311361979166667 0.15644814814814814 0.334896875 0.15711666666666668
2 0.16566223958333334 0.3737375 0.16058515625 0.3623712962962963 0.15851666666666667 0.36103425925925925 0.15550807291666666 0.36103425925925925 0.15249947916666665 0.3623712962962963 0.14967890625000002 0.3660486111111111 0.14779843750000002 0.3690574074074074 0.14648229166666665 0.3740717592592593 0.14704635416666667 0.3780833333333333 0.15231145833333332 0.3904518518518518 0.15343958333333332 0.40181805555555555 0.15569609375000001 0.40683240740740745 0.16020911458333334 0.4095064814814815 0.16472187500000002 0.4081694444444444 0.1707390625 0.4014833333333333 0.17318359375 0.3944634259259259 0.17468802083333335 0.38811203703703706 0.17468802083333335 0.38343194444444445
2 0.13745625 0.19221712962962964 0.13331953125 0.18085138888888888 0.13162708333333334 0.1791800925925926 0.12880651041666666 0.17851157407407406 0.12504583333333333 0.1798486111111111 0.12241328125 0.18252314814814816 0.12072083333333333 0.1862 0.1205328125 0.1908800925925926 0.12523385416666669 0.2039175925925926 0.12617395833333334 0.21595185185185187 0.12843046875 0.21896064814814814 0.1321875 0.2212875 0.13651223958333333 0.2192814814814815 0.14121328125000002 0.21493564814814817 0.144221875 0.20958703703703704 0.14497421875 0.20423842592592592 0.14384583333333334 0.2008953703703704