1 0.3662096359375 0.9494328694444445 0.5275820312499999 0.9494328694444445 0.5275820312499999 0.6000578694444445 0.3662096359375 0.6000578694444445 0.3662096359375 0.9494328694444445
1 0.44617838593750003 0.6939953694444445 0.5708424484375 0.6939953694444445 0.5708424484375 0.4531342583333333 0.44617838593750003 0.4531342583333333 0.44617838593750003 0.6939953694444445
1 0.31336848906250003 0.6337245361111111 0.4321731765625 0.6337245361111111 0.4321731765625 0.42083101944444445 0.31336848906250003 0.42083101944444445 0.31336848906250003 0.6337245361111111
1 0.3819231765625 0.49960879722222223 0.47982682343749994 0.49960879722222223 0.47982682343749994 0.33348379722222227 0.3819231765625 0.33348379722222227 0.3819231765625 0.49960879722222223
1 0.27671875 0.4675717583333333 0.3722083328125 0.4675717583333333 0.3722083328125 0.30781713055555554 0.27671875 0.30781713055555554 0.27671875 0.4675717583333333
1 0.34208203125000003 0.3806967583333334 0.42485026093749995 0.3806967583333334 0.42485026093749995 0.2398773138888889 0.34208203125000003 0.2398773138888889 0.34208203125000003 0.3806967583333334
1 0.25573958281250003 0.3497476861111111 0.3378020828125 0.3497476861111111 0.3378020828125 0.21915046388888887 0.25573958281250003 0.21915046388888887 0.25573958281250003 0.3497476861111111
1 0.3140403640625 0.29381944444444447 0.3845325515625 0.29381944444444447 0.3845325515625 0.17818981388888888 0.3140403640625 0.17818981388888888 0.3140403640625 0.29381944444444447
1 0.2404700515625 0.26069444444444445 0.3124518234375 0.26069444444444445 0.3124518234375 0.1628888888888889 0.2404700515625 0.1628888888888889 0.2404700515625 0.26069444444444445
1 0.2951627609375 0.226488425 0.35612890625000004 0.226488425 0.35612890625000004 0.13278935277777779 0.2951627609375 0.13278935277777779 0.2951627609375 0.226488425
1 0.12695703125 0.17273148055555554 0.21410546875 0.17273148055555554 0.21410546875 0.088675925 0.12695703125 0.088675925 0.12695703125 0.17273148055555554
1 0.0689322921875 0.20585416666666667 0.1698177078125 0.20585416666666667 0.1698177078125 0.11483101944444446 0.0689322921875 0.11483101944444446 0.0689322921875 0.20585416666666667
1 0.01451953125 0.192824075 0.11514713593749999 0.192824075 0.11514713593749999 0.10002777777777777 0.01451953125 0.10002777777777777 0.01451953125 0.192824075
1 0 0.22594444444444445 0.0589479171875 0.22594444444444445 0.0589479171875 0.12568518611111112 0 0.12568518611111112 0 0.22594444444444445
2 0.0686755203125 0.10060925833333333 0.0673403640625 0.09602036944444443 0.0660049484375 0.09301388888888888 0.06493671875 0.08905786944444445 0.06431354218749999 0.08731713055555555 0.06280026093749999 0.087000925 0.0610197921875 0.08715925833333334 0.059239323437500005 0.08826666666666666 0.0579932296875 0.08953240833333334 0.05817109375 0.09174814722222223 0.05959557343750001 0.09649490833333332 0.0595065109375 0.09997638888888889 0.059773437500000005 0.10171713055555555 0.06173203125 0.10345740833333333 0.0646377609375 0.10344120277777778 0.06716223906249999 0.10250833333333333 0.0686755203125 0.10060925833333333
2 0.11167239531249999 0.10235 0.11078203125 0.10440694444444444 0.11193932343749999 0.110261575 0.11256250000000001 0.11674953611111112 0.11416484375 0.11880648055555555 0.11656848906249999 0.11864814722222222 0.11950625 0.11690786944444444 0.12084140624999999 0.11564166666666667 0.12101953125 0.11390138888888889 0.1184377609375 0.10820463055555557 0.11754765625000001 0.10345740833333333 0.116034375 0.10203333333333334 0.1134096359375 0.10135185277777777 0.11167239531249999 0.10235
2 0.17179791718749998 0.09078148055555556 0.1702846359375 0.08540138888888889 0.16939453124999998 0.08002129722222222 0.1685041671875 0.07812222222222222 0.16592265625 0.07748935277777777 0.164053125 0.07859675833333334 0.1633411453125 0.08065416666666667 0.164409375 0.08619259166666667 0.1643203125 0.09014814722222222 0.1647653640625 0.09236388888888888 0.16618958281250001 0.09362963055555557 0.1680575515625 0.09334259166666667 0.1701065109375 0.092838425 0.17179791718749998 0.09078148055555556
2 0.32730026093750003 0.1438495361111111 0.3279026046875 0.14170786944444444 0.3262458328125 0.13595185277777777 0.3258692703125 0.13113286944444444 0.3252669265625 0.1291245361111111 0.32376067656249996 0.12805370277777778 0.3221791671875 0.1281875 0.32097421875 0.12872314722222222 0.3199953125 0.130463425 0.3199953125 0.1328726861111111 0.3202966140625 0.13621944444444445 0.3199953125 0.14170786944444444 0.3198447921875 0.14371574166666667 0.3205223953125 0.14505463055555556 0.3226997390625 0.14568611111111113 0.32556796875 0.1455898138888889 0.32730026093750003 0.1438495361111111
2 0.2777065109375 0.17794305555555556 0.27823359375 0.176336575 0.27838411406249997 0.17392731388888888 0.2780828125 0.17124999999999999 0.27672734375 0.16884027777777777 0.27635078125 0.16268286944444443 0.27559765625 0.1610763888888889 0.2739408859375 0.15987175833333334 0.2723596359375 0.1597375 0.27100390625 0.1601393527777778 0.2701755203125 0.16147777777777778 0.2697989578125 0.16375370277777776 0.2702510421875 0.16870648055555557 0.270025 0.17539953611111112 0.27040156249999997 0.17794305555555556 0.27190781249999996 0.17914768611111112 0.2739841140625 0.1795620361111111 0.27604973906249997 0.17901388888888886 0.2777065109375 0.17794305555555556
2 0.3499260421875 0.19723333333333334 0.3518838546875 0.19562685277777778 0.35195937499999996 0.19348518611111112 0.3505283859375 0.1867916666666667 0.3500013015625 0.1809018527777778 0.3498505203125 0.17889398055555555 0.3486458328125 0.17809074166666666 0.34600989531250004 0.17755509166666666 0.3445791671875 0.1782245361111111 0.34367552031250004 0.18023240833333334 0.34337421875 0.18357916666666665 0.3436 0.18705972222222222 0.3429223953125 0.19509120277777778 0.3432234375 0.1965638888888889 0.3449861984375 0.19753148055555556 0.34736536406249996 0.198036575 0.3499260421875 0.19723333333333334
2 0.2983895828125 0.2441643527777778 0.2996697921875 0.242825925 0.3001216140625 0.2404162027777778 0.2980130203125 0.23332129722222222 0.29733515625 0.22930555555555554 0.2970338546875 0.2271638888888889 0.29658203125 0.22502175833333335 0.2956783859375 0.22368333333333332 0.29424765625 0.22247870277777776 0.2925908859375 0.22261250000000002 0.29123515625 0.22328194444444446 0.2901809890625 0.22462036944444444 0.29003046875 0.22743148055555554 0.2901809890625 0.23345555555555556 0.29025625 0.24028240833333334 0.2901809890625 0.24349490833333334 0.29161171874999997 0.24536898055555553 0.29411640625 0.24569444444444447 0.2961302078125 0.24536898055555553 0.2983895828125 0.2441643527777778
2 0.37954921875 0.2451087972222222 0.3786455734375 0.246849075 0.3786455734375 0.24966018611111113 0.3787208328125 0.25555 0.3775911453125 0.2627787027777778 0.37819375 0.26639305555555554 0.3800763015625 0.2679995361111111 0.3827875 0.2679995361111111 0.385121875 0.26679444444444445 0.3873059890625 0.2658574083333333 0.3884354171875 0.26331435277777776 0.38790833281250003 0.2597 0.3862515625 0.2546129638888889 0.3861010421875 0.24832129722222224 0.38542317656249997 0.24644722222222223 0.3839169265625 0.24470740833333335 0.38193697968749996 0.24436898055555553 0.37954921875 0.2451087972222222
2 0.5138877609375 0.5266092583333333 0.5163536453125 0.5244175916666667 0.51692265625 0.5229004638888889 0.5165432296875 0.511100463888889 0.51768125 0.5014921305555556 0.5178708328125 0.4993004638888889 0.5171122390625 0.49643472222222224 0.5154052078125 0.49340046388888886 0.51379296875 0.49188333333333334 0.5121809890625 0.4912092583333333 0.5102841140625001 0.4912092583333333 0.5087669265625 0.49188333333333334 0.5072494796875 0.49340046388888886 0.50639609375 0.49576064722222224 0.5053528640625 0.5053689805555556 0.5041200515625001 0.5073921305555555 0.5027924484375 0.5102574083333333 0.5021283859375 0.5143032416666666 0.50203359375 0.5193606472222222 0.5026026046875 0.5230689805555555 0.5044044265625 0.5247546305555555 0.5071536453125 0.5267782416666666 0.5102841140625001 0.5281263888888889 0.5138877609375 0.5266092583333333
2 0.45421171875 0.725061111111111 0.4572463546875 0.7215208333333334 0.4590481765625 0.7162953694444444 0.45914296875 0.7114069444444444 0.4581947921875 0.7075296305555555 0.4562979171875 0.6999439805555556 0.45620312500000004 0.6899981472222223 0.45582395781249996 0.6856152777777778 0.4546859375 0.6820754638888888 0.4524098953125 0.6800523138888889 0.4499442703125 0.6793782416666667 0.4472888015625 0.6793782416666667 0.44425416718750005 0.6807268527777778 0.4422625 0.6844351861111111 0.44121953124999996 0.6879754638888889 0.4407453125 0.6938754638888889 0.44102968750000004 0.7012925916666666 0.43913307343749997 0.7076981472222222 0.4379002609375 0.7115754638888889 0.43808984375 0.7157898138888888 0.43998671875 0.7227009249999999 0.4426419265625 0.7248925916666668 0.44653723906250004 0.7272791666666666 0.4501338546875 0.7272523138888889 0.45421171875 0.725061111111111