1 0.11979166666666667 0.4891990740740741 0.16666666666666666 0.18827314814814816
1 0.15841927083333335 0.6319444444444444 0.1831588541666667 0.22376388888888887
1 0.2877604166666667 0.5061712962962963 0.16232552083333335 0.1790138888888889
1 0.34418489583333334 0.6234583333333333 0.18142447916666665 0.20679166666666668
1 0.4522578125 0.503087962962963 0.15798697916666665 0.19135648148148146
1 0.5399296875 0.6296296296296297 0.1805546875 0.22839351851851852
1 0.6640625 0.5077175925925926 0.16145833333333334 0.18209722222222222
1 0.7912317708333333 0.6396620370370371 0.1918411458333333 0.2175925925925926
2 0.5369791666666667 0.5537037037037037 0.5360471354166666 0.5652129629629629 0.5338546875 0.5718949074074073 0.5338546875 0.5763499999999999 0.5356296875000001 0.5817328703703704 0.53938828125 0.5852597222222222 0.5451309895833333 0.5839601851851852 0.5478458333333334 0.5798768518518519 0.5484721354166666 0.5752361111111111 0.5469059895833334 0.566326388888889 0.5473236979166667 0.5561175925925925 0.5448177083333333 0.5507342592592592 0.5402236979166666 0.5498064814814815
2 0.44761093750000003 0.44140416666666665 0.44573151041666664 0.44882916666666667 0.4466713541666667 0.4521703703703704 0.448759375 0.45588240740740743 0.45230937499999996 0.45662499999999995 0.455859375 0.45569722222222225 0.4587828125 0.4510564814814815 0.45867864583333334 0.4473439814814815 0.45679921874999996 0.44010509259259256 0.45679921874999996 0.43119537037037037 0.4557291666666667 0.4287037037037037 0.45338541666666665 0.42685185185185187 0.44947916666666665 0.4273148148148148 0.44761093750000003 0.4308240740740741
2 0.10208333333333333 0.4222222222222222 0.10107005208333333 0.4250699074074074 0.10326276041666667 0.43175185185185183 0.1046875 0.4356481481481482 0.10462005208333333 0.44326064814814814 0.10681276041666667 0.44678703703703704 0.11036276041666666 0.4484578703703704 0.11485234375 0.4462305555555555 0.11798463541666666 0.44344629629629634 0.11975963541666666 0.43880555555555556 0.11923750000000001 0.43546435185185184 0.115165625 0.429524537037037 0.11192890625 0.41968657407407406 0.10931848958333333 0.41764490740740745 0.10451562499999999 0.41894444444444445