1 0.7944427083333333 0.8843518518518518 0.27464062499999997 0.23129166666666665
1 0.78525 0.6794259259259259 0.2614635416666667 0.293662037037037
1 0.5102552083333334 0.6466018518518519 0.18022395833333332 0.28356944444444443
1 0.5397682291666667 0.4592731481481481 0.15591666666666668 0.22063888888888888
1 0.3694348958333334 0.48683796296296294 0.13927604166666668 0.23399999999999999
1 0.41576562499999997 0.35464814814814816 0.15118229166666666 0.1930972222222222
1 0.28161718750000003 0.3783472222222222 0.14801302083333334 0.18631944444444443
1 0.32822656250000004 0.26961111111111113 0.10257552083333334 0.13543981481481482
1 0.21303385416666665 0.3000555555555556 0.10302864583333333 0.16075925925925927
1 0.2627786458333333 0.2222361111111111 0.09087760416666667 0.1352685185185185
1 0.16327864583333335 0.2369675925925926 0.0927421875 0.1346388888888889
1 0.21485416666666665 0.17293981481481482 0.08150520833333334 0.11557870370370371
2 0.20835755208333331 0.12654444444444446 0.21176328125000002 0.12615972222222221 0.21421536458333332 0.12474953703703703 0.21659557291666667 0.12269814814814815 0.21681197916666667 0.12103148148148148 0.21421536458333332 0.11282685185185184 0.21327786458333334 0.10821157407407407 0.21255677083333332 0.10641712962962963 0.21089791666666666 0.10513518518518519 0.20887864583333335 0.10462222222222223 0.20678697916666666 0.10628888888888889 0.20592161458333333 0.1085962962962963 0.20592161458333333 0.11090416666666666 0.20678697916666666 0.11539074074074074 0.20671484375 0.12167268518518518 0.20685911458333334 0.12539027777777778
2 0.15710156249999999 0.18381296296296296 0.15987239583333332 0.18361805555555555 0.16203619791666668 0.1814388888888889 0.16355078125 0.17913148148148147 0.16398333333333334 0.17669537037037036 0.16333437499999998 0.17297777777777779 0.16131484375 0.16938796296296296 0.16030520833333334 0.16272175925925925 0.15943984375 0.1605425925925926 0.15763671875000002 0.16015787037037035 0.1555453125 0.16002962962962963 0.15367005208333331 0.1610550925925926 0.15251614583333334 0.16233703703703706 0.15193932291666667 0.1646449074074074 0.15215546875000002 0.16733703703703703 0.15302109375 0.17169583333333333 0.15287682291666668 0.173875 0.15302109375 0.17733657407407408 0.15345364583333332 0.18092592592592593 0.15367005208333331 0.1837462962962963 0.15532890624999998 0.18387453703703702
2 0.25691614583333333 0.16942546296296296 0.2599796875 0.16909537037037037 0.2623596354166667 0.16730046296296297 0.2642348958333333 0.16524953703703704 0.26437890625 0.1619162037037037 0.26221536458333333 0.15589074074074075 0.2614942708333333 0.15268611111111113 0.26106145833333333 0.14935277777777778 0.2604122395833333 0.14691712962962963 0.25868151041666665 0.14576296296296296 0.25695052083333336 0.14576296296296296 0.25507552083333335 0.14614768518518517 0.254065625 0.14768611111111113 0.2537052083333333 0.1508912037037037 0.254065625 0.15563472222222222 0.25399348958333334 0.1581986111111111 0.254065625 0.1669162037037037 0.2544984375 0.16973657407407405
2 0.20534270833333332 0.2386837962962963 0.20828697916666666 0.2386662037037037 0.2106671875 0.23674305555555555 0.21290286458333335 0.23443564814814813 0.21326354166666667 0.2321277777777778 0.21268645833333333 0.2284101851851852 0.21016223958333333 0.22238472222222222 0.20944114583333334 0.2176412037037037 0.20871979166666668 0.2146925925925926 0.20706093750000001 0.21251342592592593 0.20453671875 0.21264166666666665 0.20201249999999998 0.2139236111111111 0.20078645833333333 0.21635925925925928 0.2006421875 0.21994907407407407 0.20114713541666665 0.22558981481481483 0.20143567708333335 0.22994861111111112 0.20129140625 0.23558935185185184 0.2015078125 0.2386662037037037
2 0.3211234375 0.22164212962962965 0.3249268229166667 0.22085601851851852 0.3274036458333333 0.2194412037037037 0.32917265625 0.2172398148148148 0.3297916666666667 0.21519583333333334 0.32811119791666665 0.2063912037037037 0.32713828125 0.2018314814814815 0.3266075520833333 0.1971148148148148 0.32554609375 0.19459907407407406 0.32351171875 0.19365601851851852 0.32103515625 0.19412731481481482 0.3183815104166667 0.19569953703703705 0.31740859374999997 0.1983726851851852 0.31767395833333334 0.20293240740740742 0.31820468749999997 0.20733472222222224 0.31820468749999997 0.21378101851851852 0.31811614583333336 0.2186550925925926 0.31873541666666666 0.22117037037037038
2 0.27334453125 0.3107212962962963 0.27638984375 0.3110773148148148 0.27948567708333333 0.3093476851851852 0.28222760416666665 0.3063606481481482 0.28302369791666665 0.3036875 0.27975104166666664 0.29268194444444445 0.27913177083333335 0.2881222222222222 0.2781588541666667 0.2827763888888889 0.27700885416666665 0.27963194444444445 0.27470911458333336 0.27884583333333335 0.27214401041666664 0.27963194444444445 0.27028671875000004 0.2799462962962963 0.26842916666666666 0.28183287037037036 0.26745625 0.2843486111111111 0.2680752604166667 0.2900087962962963 0.26895989583333335 0.2959833333333333 0.26895989583333335 0.3044736111111111 0.26895989583333335 0.3093476851851852 0.26966744791666664 0.31076296296296296
2 0.40750416666666667 0.2911875 0.4125888020833333 0.29131851851851853 0.4155484375 0.2889513888888889 0.41732421875000003 0.28697824074074074 0.41784218749999996 0.2842162037037037 0.41702838541666665 0.2785606481481482 0.41525260416666665 0.2729050925925926 0.4145125 0.2652763888888889 0.41414270833333333 0.2627777777777778 0.4130328125 0.2609361111111111 0.4117747395833333 0.2596208333333333 0.4100729166666667 0.2590949074074074 0.40814921875 0.25935787037037034 0.4063734375 0.2602787037037037 0.40459765625 0.2622513888888889 0.40415364583333335 0.2644875 0.40415364583333335 0.2679069444444444 0.40474557291666663 0.27500925925925923 0.40467161458333334 0.2831638888888889 0.40452343749999997 0.28881990740740743 0.40481953125000003 0.2907925925925926
2 0.36053463541666664 0.4173800925925926 0.36223125 0.41788749999999997 0.3648208333333333 0.41657222222222223 0.36755859375 0.4142046296296296 0.37000026041666667 0.4105222222222222 0.37125833333333336 0.4059185185185185 0.37192421875000004 0.40144675925925927 0.37170234375 0.39723796296296293 0.37133229166666665 0.3952652777777778 0.36430286458333333 0.38908333333333334 0.3614171875 0.38474305555555555 0.35971536458333336 0.3819810185185185 0.35801354166666666 0.3806657407407408 0.35660755208333333 0.38040277777777776 0.35542369791666667 0.38079722222222223 0.35416588541666666 0.3819810185185185 0.35290807291666665 0.3836907407407408 0.3518721354166667 0.38579537037037037 0.35105833333333336 0.38868888888888886 0.3504661458333333 0.39184537037037037 0.35091015625 0.3946074074074074 0.3523161458333333 0.39842175925925927 0.3539440104166667 0.4023675925925926 0.35520182291666663 0.40486666666666665 0.35719973958333334 0.4139416666666667 0.3583096354166667 0.4163092592592592
2 0.5304796875 0.3970462962962963 0.5340604166666666 0.3967125 0.5377809895833334 0.39437037037037037 0.53979609375 0.39133935185185187 0.54049375 0.3878949074074074 0.5373158854166667 0.3750814814814815 0.53646328125 0.36323287037037033 0.53607578125 0.36033935185185184 0.5339828125 0.35813472222222226 0.5315026041666667 0.3570328703703704 0.5285572916666667 0.3573083333333333 0.5266968750000001 0.3586861111111111 0.5249143229166667 0.36033935185185184 0.5236739583333333 0.36213055555555557 0.5238291666666667 0.3664013888888889 0.5242942708333334 0.3709481481481482 0.52444921875 0.37645925925925927 0.5239841145833333 0.37893935185185185 0.5239841145833333 0.3836236111111111 0.5232091145833333 0.39009953703703704 0.5235966145833334 0.3934060185185185 0.5249143229166667 0.3950592592592592 0.5271619791666666 0.39616157407407404