1 0.67481640625 0.44064814722222223 0.83449609375 0.44064814722222223 0.83449609375 0.2683425916666667 0.67481640625 0.2683425916666667 0.67481640625 0.44064814722222223
1 0.6188138015625 0.6005185194444445 0.79381640625 0.6005185194444445 0.79381640625 0.3907037027777778 0.6188138015625 0.3907037027777778 0.6188138015625 0.6005185194444445
1 0.5098893234374999 0.46396064722222224 0.6677565109375 0.46396064722222224 0.6677565109375 0.2817523138888889 0.5098893234374999 0.2817523138888889 0.5098893234374999 0.46396064722222224
1 0.4247434890625 0.6195046305555556 0.6024700515625 0.6195046305555556 0.6024700515625 0.40686574166666667 0.4247434890625 0.40686574166666667 0.4247434890625 0.6195046305555556
1 0.3348151046875 0.48206018611111107 0.4954140625 0.48206018611111107 0.4954140625 0.29315277777777776 0.3348151046875 0.29315277777777776 0.3348151046875 0.48206018611111107
1 0.21758984374999998 0.6372754638888889 0.40659765625000005 0.6372754638888889 0.40659765625000005 0.4178078694444444 0.21758984374999998 0.4178078694444444 0.21758984374999998 0.6372754638888889
1 0.1498776046875 0.4911157416666667 0.3224244796875 0.4911157416666667 0.3224244796875 0.3040972222222222 0.1498776046875 0.3040972222222222 0.1498776046875 0.4911157416666667
1 0 0.6605486111111112 0.2024947921875 0.6605486111111112 0.2024947921875 0.4363680555555556 0 0.4363680555555556 0 0.6605486111111112
1 0 0.499363425 0.139171875 0.499363425 0.139171875 0.31075694444444446 0 0.31075694444444446 0 0.499363425
2 0.043684375 0.3631453694444445 0.044657551562499995 0.3579560194444445 0.0453872390625 0.35233472222222223 0.0412515625 0.3480101861111111 0.038819010937499995 0.34628055555555554 0.03249375 0.3359023138888889 0.03054765625 0.33417222222222226 0.026655207812499998 0.33546990833333334 0.023005989062500003 0.33763194444444444 0.020329948437500002 0.3428212972222222 0.021546354687499998 0.34757777777777776 0.025682031249999997 0.35579398055555556 0.028601301562499997 0.3674699083333333 0.034794531249999996 0.36975509166666665 0.0397919265625 0.3674699083333333 0.043684375 0.3631453694444445
2 0.09842109375 0.5075777777777778 0.09915104218750001 0.5006587972222222 0.0981778640625 0.4950370361111111 0.0945286453125 0.4911453694444444 0.091609375 0.49028055555555555 0.0857708328125 0.48033472222222223 0.08260833281249999 0.4786046305555555 0.07822942656250001 0.48033472222222223 0.0743369796875 0.48465879722222227 0.0726341140625 0.4911453694444444 0.0743369796875 0.4963347222222222 0.07822942656250001 0.5032532416666666 0.07920234375 0.5084425916666666 0.082121875 0.5144967583333333 0.08832187500000001 0.5167773138888888 0.09598828125 0.5136319444444445 0.09842109375 0.5075777777777778
2 0.2371606765625 0.35487963055555555 0.23837708281249997 0.35012268611111114 0.23740390625000002 0.3457986111111111 0.2335114578125 0.33974444444444446 0.23107890625 0.3319606472222222 0.2296192703125 0.32850138888888886 0.22718645781250002 0.32720370277777777 0.2245104171875 0.32720370277777777 0.2211044265625 0.32979861111111114 0.2196447921875 0.33455509166666664 0.21988828124999998 0.33974444444444446 0.22256432343750002 0.3479606472222222 0.22183437499999997 0.35271759166666666 0.22256432343750002 0.35704166666666665 0.22524010468750003 0.3613662027777778 0.22936718749999999 0.36071481388888893 0.23375494843750003 0.3592037027777778 0.2371606765625 0.35487963055555555
2 0.3167135421875 0.48687963055555555 0.31792916718750003 0.48066759166666667 0.3167135421875 0.4752652777777777 0.31337057343749997 0.4717541666666667 0.3107875 0.46230092500000003 0.3085083328125 0.4587898138888889 0.3059252609375 0.4571689805555556 0.3027341140625 0.45797916666666666 0.2998471359375 0.46068055555555554 0.29832760468749997 0.4647319444444445 0.29817578125 0.46905324166666673 0.3001510421875 0.4763458333333333 0.300303125 0.48228796388888895 0.3010627609375 0.48850000000000005 0.30334192656250003 0.4928217583333333 0.30725156249999996 0.495738425 0.3121549484375 0.4941722222222222 0.3167135421875 0.48687963055555555
2 0.4198864578125 0.3426486111111111 0.4206463546875 0.33886713055555556 0.4207981765625 0.3350856472222222 0.4183669265625 0.32779305555555555 0.4176072921875 0.31969027777777775 0.41684765625000003 0.3159087972222222 0.4139604171875 0.3137481472222222 0.41152942656249997 0.3137481472222222 0.4083385421875 0.316449075 0.4075786453125 0.31942036944444446 0.40803463593749995 0.3294138888888889 0.4068190109375 0.33589583333333334 0.4065151046875 0.3402175916666667 0.4083385421875 0.34291851944444446 0.41061770781250007 0.34615972222222224 0.4139033859375 0.34655231388888885 0.4176072921875 0.34615972222222224 0.4198864578125 0.3426486111111111
2 0.5212776046875 0.4750930555555556 0.5226450515625001 0.47077175833333335 0.5229489578125001 0.46645 0.5209736984375 0.4594273138888889 0.5209736984375 0.4537555555555556 0.5206697921875 0.44997407500000003 0.518390625 0.44538240833333337 0.515959375 0.4434916666666667 0.5123125 0.4443023138888889 0.5100333328125 0.4472731472222223 0.5091216140625 0.4518648138888889 0.5091216140625 0.45753703611111113 0.5077541671875 0.46239861111111114 0.5068424484375 0.46807036944444447 0.5069945312499999 0.4740125 0.5092736984374999 0.4780643527777778 0.5139841140625 0.48103518611111107 0.5185424484375 0.4794148138888889 0.5212776046875 0.4750930555555556
2 0.5972911453124999 0.33153240833333336 0.5985067703125 0.32802129722222223 0.5975950515624999 0.3182976861111111 0.5989627609375 0.309925 0.5989627609375 0.3058736111111111 0.5966833328125001 0.30209213055555556 0.59364453125 0.301011575 0.58999765625 0.30209213055555556 0.58756640625 0.3058736111111111 0.5868067703125 0.3172175916666667 0.5842236984375 0.3237 0.5849833328125 0.3277513888888889 0.58695859375 0.33234305555555554 0.58992890625 0.33407036944444446 0.5937963546875 0.3345037027777778 0.5972911453124999 0.33153240833333336
2 0.7145497390625 0.4608212972222222 0.717740625 0.45920046388888885 0.7192601562500001 0.45379861111111114 0.7197161453125 0.44650601944444446 0.72290703125 0.4357023138888889 0.7230588546875001 0.43192083333333336 0.7209317703125 0.4275995361111111 0.71865234375 0.42543888888888887 0.7153096359375 0.424088425 0.7130302078125 0.42543888888888887 0.7104471359375 0.42976018611111105 0.70877578125 0.4359722222222222 0.70634453125 0.4402939805555555 0.704825 0.44461527777777776 0.70512890625 0.4497472222222222 0.7071119796875001 0.457699075 0.7096875 0.46028101944444444 0.7145497390625 0.4608212972222222
2 0.7641348953125 0.31861527777777776 0.76793359375 0.3159143527777778 0.7693013015625 0.3137532416666667 0.769453125 0.3051101861111111 0.7721882812499999 0.2967375 0.7723401046875 0.2934962972222222 0.7714283859375 0.290525 0.7686934890625 0.28674398055555556 0.7659583328124999 0.2862037027777778 0.7627674484375 0.28674398055555556 0.7612479171875 0.2899851861111111 0.7588166671875001 0.29808796388888886 0.7536505203125 0.30808148055555556 0.75380234375 0.3118629638888889 0.7575960937499999 0.31683379722222227 0.7607921875 0.3191555555555556 0.7641348953125 0.31861527777777776