1 0.6369557291666667 0.5267777777777778 0.14753645833333331 0.171875
1 0.6815182291666667 0.4255740740740741 0.13173958333333333 0.11200462962962963
1 0.5423463541666667 0.44631018518518517 0.1305390625 0.14731018518518518
1 0.4731666666666667 0.5346157407407407 0.15104166666666666 0.17699537037037036
1 0.39744270833333334 0.4504074074074074 0.13469791666666667 0.15110648148148148
1 0.30383333333333334 0.5340787037037037 0.15829947916666667 0.17680555555555555
1 0.24905989583333332 0.4467731481481481 0.1427864583333333 0.14031944444444444
1 0.09351302083333332 0.431375 0.14940885416666666 0.1121712962962963
1 0.12525 0.5423935185185185 0.1723046875 0.18199537037037036
2 0.08673177083333333 0.40236064814814815 0.09041223958333333 0.4017671296296296 0.09359427083333333 0.39866527777777777 0.09564739583333333 0.3951981481481482 0.09554479166666667 0.3928263888888889 0.09154140625 0.3851625 0.08959088541666667 0.3787763888888889 0.08846171875 0.37640416666666665 0.08589557291666666 0.37494444444444447 0.08302135416666667 0.3753092592592593 0.07973645833333333 0.3776814814814815 0.0785046875 0.3806009259259259 0.07860729166666666 0.38333796296296296 0.080865625 0.3902717592592592 0.08127630208333333 0.3962930555555556 0.08127630208333333 0.3997601851851852 0.08281614583333334 0.4017671296296296
2 0.11259296875000001 0.45737083333333334 0.11586953125 0.4577847222222223 0.11864114583333334 0.45869675925925923 0.1197703125 0.46070416666666664 0.12202864583333332 0.46891481481481484 0.12592942708333335 0.47584861111111115 0.12695598958333335 0.47785601851851855 0.12675078125 0.48022777777777775 0.12449244791666667 0.4849722222222222 0.12192604166666668 0.48716157407407407 0.11987291666666668 0.48880370370370374 0.11597239583333334 0.4902634259259259 0.11361119791666667 0.4893513888888889 0.111353125 0.48679675925925925 0.11083984375 0.47603101851851853 0.10847890625 0.46672546296296297 0.10858151041666667 0.4632583333333333 0.10981328124999999 0.4599740740740741
2 0.24528723958333334 0.4043685185185185 0.24806588541666666 0.40366435185185184 0.2505294270833333 0.401475 0.2522744791666667 0.3992851851851852 0.25258255208333336 0.39654814814814815 0.24950286458333334 0.3881546296296296 0.24857916666666666 0.38304583333333336 0.24827109375 0.3797611111111111 0.24765520833333332 0.37830138888888887 0.24529427083333333 0.37757175925925923 0.24272786458333334 0.37793657407407405 0.2409828125 0.37866666666666665 0.2396484375 0.37994351851851854 0.238621875 0.38231574074074076 0.24036692708333335 0.3912564814814815 0.23985364583333332 0.4000152777777778 0.24077760416666666 0.4027523148148148 0.24283046875 0.40402916666666666
2 0.2998328125 0.4529537037037037 0.30247083333333336 0.453112962962963 0.30472916666666666 0.4556675925925926 0.3057557291666667 0.46552083333333333 0.30852734374999996 0.4724546296296296 0.30904036458333334 0.4751916666666667 0.30811666666666665 0.47756342592592593 0.30647421875 0.48066574074074075 0.30390781250000004 0.4817601851851852 0.3012390625 0.4828550925925926 0.2987752604166667 0.4828550925925926 0.2957984375 0.4813953703703704 0.29497734375 0.47847592592592597 0.29590104166666664 0.46990000000000004 0.2944640625 0.4593171296296296 0.29507994791666664 0.4562148148148148 0.29733828125 0.454025462962963
2 0.3967278645833333 0.4011560185185185 0.3996588541666667 0.4005050925925926 0.4020197916666667 0.39868009259259257 0.4030463541666667 0.39594351851851856 0.40273854166666667 0.3926587962962963 0.4011986979166667 0.38645509259259264 0.40078802083333337 0.3797037037037037 0.40037734375 0.37660185185185185 0.3989403645833333 0.37532453703703705 0.3965794270833333 0.37422962962962963 0.39421848958333333 0.37459444444444445 0.39216536458333334 0.37696666666666667 0.3917546875 0.3793388888888889 0.39216536458333334 0.38791481481481477 0.39093359375 0.39594351851851856 0.39134427083333334 0.398862962962963 0.39339713541666665 0.4008699074074074
2 0.4736341145833334 0.48226574074074074 0.47706041666666665 0.4814143518518519 0.4796268229166667 0.4786773148148148 0.4807559895833334 0.4753930555555555 0.4789080729166667 0.46626944444444446 0.47870286458333333 0.4573287037037037 0.47818958333333333 0.45459166666666667 0.47654713541666666 0.45240185185185183 0.47408359375 0.4516722222222222 0.47182526041666667 0.45221944444444445 0.469875 0.45349675925925925 0.4689510416666666 0.4562337962962963 0.4689510416666666 0.4666342592592592 0.4675138020833333 0.47283842592592595 0.46741119791666663 0.47557546296296294 0.4687458333333333 0.4783125 0.47069609375 0.4814143518518519
2 0.5437624999999999 0.40041574074074077 0.5464315104166667 0.400050462962963 0.5487924479166666 0.39804351851851855 0.5498190104166666 0.39512407407407407 0.5485872395833333 0.38654814814814814 0.54899765625 0.3788842592592592 0.54899765625 0.3763300925925926 0.5482791666666667 0.374687962962963 0.54561015625 0.3730453703703704 0.5432492187500001 0.3730453703703704 0.5415041666666667 0.3743226851851852 0.5402723958333334 0.3768773148148148 0.53986171875 0.3852708333333333 0.5380140625000001 0.39348194444444445 0.5379114583333333 0.3954888888888889 0.5396565104166666 0.3982259259259259
2 0.6399817708333334 0.4770458333333334 0.64238984375 0.4767041666666667 0.645571875 0.47542685185185185 0.6473169270833333 0.472325 0.6460851562500001 0.4628365740740741 0.64741953125 0.4526185185185185 0.6470091145833333 0.45006388888888893 0.6445453125 0.44732685185185184 0.6411578124999999 0.4458671296296296 0.63828359375 0.446962037037037 0.6369492187500001 0.4496990740740741 0.6360252604166666 0.4590046296296296 0.6351015624999999 0.46247175925925926 0.6340749999999999 0.4664861111111111 0.6343830729166666 0.47086527777777776 0.6357174479166667 0.47414953703703705
2 0.6833471354166666 0.3957351851851852 0.6865296875 0.3960537037037037 0.6889932291666666 0.3951412037037037 0.6905330729166667 0.39295185185185183 0.690225 0.3843759259259259 0.6913541666666667 0.3763472222222222 0.6912515625 0.3741574074074074 0.6899171875000001 0.37196805555555557 0.6885825520833334 0.37087314814814815 0.6862216145833333 0.37050833333333333 0.6844765625 0.37069074074074077 0.6826289062500001 0.37288009259259264 0.6816023437500001 0.3794490740740741 0.6800627604166666 0.3847407407407407 0.6794466145833333 0.388025 0.6798572916666666 0.3909444444444445 0.6809864583333333 0.39368148148148147