1 0.5685768234374999 0.6929027777777778 0.9062513015624999 0.6929027777777778 0.9062513015624999 0.30864351944444446 0.5685768234374999 0.30864351944444446 0.5685768234374999 0.6929027777777778
1 1 0.07715972222222223 0.7708333328125 0.07715972222222223 0.7708333328125 0.45524768611111105 1 0.45524768611111105 1 0.07715972222222223
1 0.47222135468750004 0.43518749999999995 0.7456588546875 0.43518749999999995 0.7456588546875 0.11265509166666667 0.47222135468750004 0.11265509166666667 0.47222135468750004 0.43518749999999995
1 0.2968736984375 0.6481504638888889 0.5564231765625001 0.6481504638888889 0.5564231765625001 0.320988425 0.2968736984375 0.320988425 0.2968736984375 0.6481504638888889
1 0.2413203125 0.41357870277777775 0.46267447968750003 0.41357870277777775 0.46267447968750003 0.11728240833333332 0.2413203125 0.11728240833333332 0.2413203125 0.41357870277777775
1 0.0789934890625 0.6203680555555556 0.29600651093749997 0.6203680555555556 0.29600651093749997 0.304011575 0.0789934890625 0.304011575 0.0789934890625 0.6203680555555556
1 0.06683984375 0.3672847222222222 0.24739453125000002 0.3672847222222222 0.24739453125000002 0.13734490833333332 0.06683984375 0.13734490833333332 0.06683984375 0.3672847222222222
1 0 0.33950694444444446 0.078125 0.33950694444444446 0.078125 0.15278009166666667 0 0.15278009166666667 0 0.33950694444444446
1 0.0000013015624999999999 0.5787060194444444 0.10503515625 0.5787060194444444 0.10503515625 0.31172916666666667 0.0000013015624999999999 0.31172916666666667 0.0000013015624999999999 0.5787060194444444
2 0.334896875 0.15711666666666665 0.3311361984375 0.15644814722222222 0.3275635421875 0.157450925 0.3249309890625 0.16079398055555555 0.3221104171875 0.16580833333333334 0.3221104171875 0.170488425 0.32587109375 0.18553148055555554 0.3268111984375 0.20024027777777778 0.3292557296875 0.203249075 0.3328286453125 0.20525463055555554 0.3369653640625 0.20391759166666665 0.3426065109375 0.19890324166666665 0.3448630203125 0.19355463055555555 0.3463674484375 0.18653425833333334 0.3441109375 0.18085138888888888 0.3395979171875 0.17383148055555556 0.334896875 0.15711666666666665
2 0.1585166671875 0.3610342583333333 0.1555080734375 0.3610342583333333 0.1524994796875 0.3623712972222222 0.14967890625 0.36604861111111114 0.1477984375 0.36905740833333334 0.1464822921875 0.37407175833333334 0.1470463546875 0.3780833333333334 0.1523114578125 0.3904518527777778 0.1534395828125 0.4018180555555556 0.15569609375 0.40683240833333334 0.1602091140625 0.4095064805555556 0.164721875 0.4081694444444445 0.17073906249999998 0.4014833333333333 0.17318359375 0.394463425 0.1746880203125 0.3881120361111111 0.1746880203125 0.3834319444444445 0.1656622390625 0.3737375 0.16058515625 0.3623712972222222 0.1585166671875 0.3610342583333333
2 0.1316270828125 0.17918009166666668 0.1288065109375 0.178511575 0.12504583281249998 0.17984861111111114 0.12241328124999999 0.1825231472222222 0.12072083281249998 0.18619999999999998 0.1205328125 0.19088009166666664 0.12523385468749998 0.20391759166666665 0.12617395781250001 0.21595185277777776 0.12843046875 0.21896064722222222 0.13218749999999999 0.2212875 0.1365122390625 0.21928148055555555 0.14121328125 0.21493564722222225 0.144221875 0.20958703611111112 0.14497421875 0.20423842500000003 0.14384583281250002 0.20089536944444444 0.13745625 0.19221713055555556 0.13331953125 0.18085138888888888 0.1316270828125 0.17918009166666668