1 0.07074739583333334 0.360337962962963 0.1414921875 0.297837962962963
1 0.25216927083333335 0.44058796296296293 0.23697916666666666 0.3225324074074074
1 0.5247395833333334 0.5540138888888889 0.3151041666666667 0.3919768518518518
1 0.8485234375 0.7083333333333334 0.3029505208333333 0.49074074074074076
1 0.7586796875 0.4452175925925926 0.3142369791666667 0.35648148148148145
1 0.4631067708333333 0.3063287037037037 0.24392447916666665 0.2175925925925926
1 0.2426223958333333 0.2361111111111111 0.1953125 0.16049537037037037
1 0.07595572916666667 0.1875 0.1519088541666667 0.14043055555555556
2 0.0546875 0.1300925925925926 0.058333333333333334 0.16064814814814815 0.06458333333333334 0.16620370370370371 0.06796875 0.16666666666666666 0.0703125 0.1648148148148148 0.0734375 0.15324074074074073 0.06744791666666666 0.12824074074074074 0.0640625 0.12546296296296297 0.05963541666666667 0.1259259259259259
2 0.015104166666666667 0.23194444444444445 0.01484375 0.23703703703703705 0.017708333333333333 0.25462962962962965 0.018229166666666668 0.2652777777777778 0.020833333333333332 0.26944444444444443 0.029427083333333333 0.2759259259259259 0.034375 0.275 0.03854166666666667 0.25787037037037036 0.033854166666666664 0.2462962962962963 0.029947916666666668 0.22824074074074074 0.02578125 0.225 0.021875 0.22546296296296298 0.016927083333333332 0.22824074074074074
2 0.22395833333333334 0.16666666666666666 0.2234375 0.17222222222222222 0.2265625 0.20185185185185187 0.23098958333333333 0.2064814814814815 0.23776041666666667 0.2064814814814815 0.24244791666666668 0.1962962962962963 0.23776041666666667 0.16666666666666666 0.234375 0.16203703703703703 0.22734375 0.16296296296296298
2 0.22291666666666668 0.2898148148148148 0.2234375 0.30787037037037035 0.2265625 0.3347222222222222 0.23098958333333333 0.3398148148148148 0.23359375 0.3402777777777778 0.24114583333333334 0.337037037037037 0.24661458333333333 0.3277777777777778 0.24635416666666668 0.32314814814814813 0.23802083333333332 0.2861111111111111 0.23411458333333332 0.2833333333333333 0.23020833333333332 0.28379629629629627 0.22526041666666666 0.2861111111111111
2 0.44192708333333336 0.21296296296296297 0.44166666666666665 0.24814814814814815 0.44244791666666666 0.2513888888888889 0.44947916666666665 0.25787037037037036 0.45625 0.25555555555555554 0.46171875 0.2449074074074074 0.4583333333333333 0.2263888888888889 0.45677083333333335 0.20879629629629629 0.45390625 0.2064814814814815 0.44869791666666664 0.2064814814814815 0.44296875 0.20972222222222223
2 0.49713541666666666 0.3800925925925926 0.4981770833333333 0.4050925925925926 0.496875 0.42453703703703705 0.49765625 0.42962962962962964 0.5057291666666667 0.43657407407407406 0.5119791666666667 0.43796296296296294 0.5205729166666667 0.4287037037037037 0.52265625 0.42407407407407405 0.52265625 0.41435185185185186 0.5190104166666667 0.4013888888888889 0.5166666666666667 0.3773148148148148 0.5083333333333333 0.3712962962962963 0.5013020833333334 0.37453703703703706
2 0.7356770833333334 0.31527777777777777 0.7356770833333334 0.3212962962962963 0.7369791666666666 0.32546296296296295 0.74296875 0.3333333333333333 0.7518229166666667 0.3351851851851852 0.75859375 0.3296296296296296 0.76015625 0.325 0.7598958333333333 0.30462962962962964 0.7622395833333333 0.2898148148148148 0.7604166666666666 0.2800925925925926 0.7583333333333333 0.2773148148148148 0.753125 0.275 0.7479166666666667 0.27546296296296297 0.7440104166666667 0.2791666666666667 0.7393229166666667 0.30462962962962964
2 0.8934895833333333 0.5375 0.8932291666666666 0.5430555555555555 0.8958333333333334 0.55 0.9083333333333333 0.5680555555555555 0.9111979166666667 0.5694444444444444 0.92578125 0.5583333333333333 0.92890625 0.5504629629629629 0.9268229166666667 0.5296296296296297 0.9307291666666667 0.5013888888888889 0.93046875 0.49675925925925923 0.9270833333333334 0.4912037037037037 0.921875 0.48703703703703705 0.9098958333333333 0.4861111111111111 0.90703125 0.4875 0.9049479166666666 0.49212962962962964 0.8994791666666667 0.5217592592592593