1 0.42274348906250003 0.7021597222222222 0.6085065109375 0.7021597222222222 0.6085065109375 0.4537013888888889 0.42274348906250003 0.4537013888888889 0.42274348906250003 0.7021597222222222
1 0.45052213593749996 0.9845671305555556 0.6883684890625 0.9845671305555556 0.6883684890625 0.6682106472222222 0.45052213593749996 0.6682106472222222 0.45052213593749996 0.9845671305555556
1 0.2708333328125 0.7916643527777778 0.4479166671875 0.7916643527777778 0.4479166671875 0.5401226861111111 0.2708333328125 0.5401226861111111 0.2708333328125 0.7916643527777778
1 0.2717018234375 0.5756157416666666 0.4218763015625 0.5756157416666666 0.4218763015625 0.3811712972222222 0.2717018234375 0.3811712972222222 0.2717018234375 0.5756157416666666
1 0.1258684890625 0.6450625 0.2708346359375 0.6450625 0.2708346359375 0.4336412027777778 0.1258684890625 0.4336412027777778 0.1258684890625 0.6450625
1 0.1545143234375 0.4645046305555555 0.2812513015625 0.4645046305555555 0.2812513015625 0.2885787027777778 0.1545143234375 0.2885787027777778 0.1545143234375 0.4645046305555555
1 0.0043424484375 0.530863425 0.15104296875 0.530863425 0.15104296875 0.320988425 0.0043424484375 0.320988425 0.0043424484375 0.530863425
1 0.05208203125000001 0.38425694444444447 0.1631940109375 0.38425694444444447 0.1631940109375 0.22376157500000002 0.05208203125000001 0.22376157500000002 0.05208203125000001 0.38425694444444447
1 0 0.31327083333333333 0.08159505156249999 0.31327083333333333 0.08159505156249999 0.16666435277777777 0 0.16666435277777777 0 0.31327083333333333
2 0.5708953125 0.7925597222222223 0.5743526046875 0.7885824083333333 0.5763864578125 0.7817124999999999 0.57658984375 0.7755657416666667 0.5749627609375 0.7679731472222222 0.5761830734375 0.7585722222222222 0.5757763015624999 0.7549564805555555 0.5739458328125 0.7488097222222223 0.5704885421875 0.7448324083333333 0.5660140625000001 0.7444708333333333 0.56296328125 0.7470018527777778 0.5611328125 0.751702313888889 0.5599125 0.7603800916666666 0.55564140625 0.7705041666666668 0.55564140625 0.7766504638888889 0.55686171875 0.7831587972222221 0.5597091140625 0.7885824083333333 0.5639802078125 0.791836575 0.5708953125 0.7925597222222223
2 0.5180981765625 0.5079837972222222 0.51693984375 0.5036930555555555 0.5150091140625 0.5018055555555556 0.5132716140625 0.5004324083333334 0.51076171875 0.49974583333333333 0.50854140625 0.5009472222222222 0.506996875 0.5030069444444445 0.5065140625 0.5045513888888888 0.50545234375 0.5139902777777777 0.5022666671875 0.5211981472222222 0.5019770828125 0.5242870361111112 0.5021700515624999 0.5270328694444444 0.5028458328125 0.5292638888888889 0.5038111984375 0.5320097222222222 0.5048731765625 0.5344125 0.5064177078125 0.5363004638888889 0.5089276046875 0.5373300916666667 0.5118234375 0.5375013888888889 0.51471953125 0.5364717583333333 0.516746875 0.5332111111111111 0.5175190109375001 0.5301222222222222 0.51780859375 0.5278912027777778 0.5170364578125 0.5181087972222223 0.5180018234375 0.5105578694444445 0.5180981765625 0.5079837972222222
2 0.20937343749999998 0.3358763888888889 0.21260755156250002 0.334249075 0.2146825515625 0.3322962972222222 0.2164520828125 0.3283907416666667 0.2170013015625 0.3245935194444444 0.2128518234375 0.3184097222222222 0.21053281250000003 0.30951388888888887 0.2100447921875 0.3077782416666667 0.20778671875 0.3064763888888889 0.2061390625 0.30604213055555557 0.20388125 0.3065847222222222 0.20205052031249998 0.30853749999999996 0.20040286406250002 0.3105986111111111 0.19991458281250002 0.31287685277777777 0.20284375 0.3231833333333333 0.2030880203125 0.3332726861111111 0.205040625 0.33544213055555555 0.20674947968750002 0.3362018527777778 0.20937343749999998 0.3358763888888889
2 0.07228177031250001 0.3765462972222222 0.0733567703125 0.37451620277777775 0.0737596359375 0.37272500000000003 0.0731552078125 0.37093333333333334 0.0676466140625 0.36388750000000003 0.06361614531250001 0.353736575 0.06186953125 0.3518254638888889 0.0590481765625 0.3519449083333333 0.0565625 0.35278101944444445 0.0548830734375 0.35457222222222223 0.0534723953125 0.3569606472222222 0.05253203125 0.3607824083333333 0.05649531249999999 0.37057546388888885 0.05777187499999999 0.3815625 0.059316926562500004 0.383950925 0.06146640625000001 0.38478703611111115 0.0644221359375 0.3845481472222222 0.06778098906249999 0.3826370361111111 0.0703338546875 0.3798902777777778 0.07228177031250001 0.3765462972222222
2 0.1017723953125 0.24028286944444446 0.10036171875 0.23944675833333334 0.0974059890625 0.239088425 0.095121875 0.24004398055555556 0.0934424484375 0.24195463055555555 0.09263645781249999 0.24410416666666665 0.09539062499999999 0.2541361111111111 0.0959950515625 0.2632125 0.0976072921875 0.26572036944444444 0.09989140625000001 0.2666754638888889 0.1027799484375 0.26631759166666663 0.10654192656249999 0.2636898138888889 0.10882578125 0.2609430555555555 0.10929609375 0.25879351944444445 0.1084901046875 0.2559273138888889 0.10472812499999999 0.2487620361111111 0.10257838593749999 0.24279074166666667 0.1017723953125 0.24028286944444446
2 0.022111979687499998 0.20221990833333334 0.0240421875 0.19975833333333332 0.0223638015625 0.19647638888888888 0.0195526046875 0.19125509166666665 0.0166153640625 0.18208009166666667 0.01502109375 0.18088657500000002 0.013048957812500001 0.1806629638888889 0.01069921875 0.18125972222222222 0.0083916671875 0.1835717583333333 0.0078880203125 0.18648101944444445 0.0082236984375 0.18871898055555555 0.0106572921875 0.1944625 0.0123356765625 0.20304074166666666 0.013804167187499999 0.20490509166666668 0.0171609375 0.205725925 0.0197203125 0.20483055555555557 0.022111979687499998 0.20221990833333334