1 1 0.45987500000000003 0.6822916671875 0.45987500000000003 0.6822916671875 0.9320972222222222 1 0.9320972222222222 1 0.45987500000000003
1 0.5338528640625 0.6419745361111111 0.8559023437500001 0.6419745361111111 0.8559023437500001 0.26543286944444444 0.5338528640625 0.26543286944444444 0.5338528640625 0.6419745361111111
1 0.295140625 0.8348773138888889 0.6519114578125 0.8348773138888889 0.6519114578125 0.4074097222222222 0.295140625 0.4074097222222222 0.295140625 0.8348773138888889
1 0.2361106765625 0.4999976861111111 0.5104153640625 0.4999976861111111 0.5104153640625 0.2438263888888889 0.2361106765625 0.2438263888888889 0.2361106765625 0.4999976861111111
1 0 0.723761575 0.298609375 0.723761575 0.298609375 0.35184953611111114 0 0.35184953611111114 0 0.723761575
1 0.0000013015624999999999 0.42592361111111116 0.2326393234375 0.42592361111111116 0.2326393234375 0.22067824166666664 0.0000013015624999999999 0.22067824166666664 0.0000013015624999999999 0.42592361111111116
2 0.90639375 0.5577879638888888 0.9103614578125001 0.5540754638888888 0.9137026046875001 0.5490638888888889 0.914746875 0.5442375 0.9116143234375 0.5195504638888888 0.9135981765625001 0.49523425833333334 0.9122408859375 0.48985092499999994 0.9083776046875001 0.48502500000000004 0.9038880203125 0.48242638888888884 0.90023359375 0.48149814722222223 0.8944908859374999 0.48168379722222227 0.8901057296875001 0.48428240833333336 0.8880174484375001 0.4872523138888889 0.8870778640625 0.4896652777777778 0.8850940109375 0.5126824083333333 0.87841171875 0.5314300916666667 0.8775763015625 0.5364416666666667 0.8778895828125 0.5408967583333334 0.8794557296875001 0.5451657416666666 0.8822747390625001 0.5501777777777778 0.8857203124999999 0.5538898138888888 0.89553515625 0.5598296305555556 0.9000247390625 0.5594583333333334 0.90639375 0.5577879638888888
2 0.7048802078125 0.2875254638888889 0.7040447921874999 0.2843699083333333 0.70122578125 0.28084305555555555 0.6972580734375 0.278986575 0.693290625 0.27861574166666664 0.6898450515625 0.27935786944444446 0.6869213546874999 0.2817712972222222 0.68587734375 0.28399861111111113 0.6842067703125 0.3047879638888889 0.6788817703125 0.3259486111111111 0.6803434890625 0.3304037027777778 0.6825361984375 0.3331879638888889 0.6850421875 0.3354152777777778 0.6904713546875 0.3385708333333333 0.6944390625 0.339313425 0.7014346359375 0.33671481388888885 0.7051934890625 0.3294754638888889 0.7035229171874999 0.30757222222222225 0.7048802078125 0.2875254638888889
2 0.47719010468749995 0.4933097222222222 0.48035703124999996 0.4901430555555556 0.4837216140625 0.4850412027777778 0.48510703125 0.4787074083333333 0.4852059890625 0.4757166666666667 0.4783776046875 0.4556606472222222 0.4758046875 0.43278981388888893 0.4740234375 0.42944675833333334 0.4710546875 0.427863425 0.46739296875 0.4271597222222222 0.46462213593749996 0.4276875 0.4600697921875 0.43015046388888883 0.4572 0.4334935194444445 0.45541875000000004 0.4370120361111111 0.4546270828125 0.44123425833333335 0.4570020828125 0.4619939805555556 0.45541875000000004 0.4866245361111111 0.4568041671875 0.49084675833333336 0.4590802078125 0.4933097222222222 0.46254401093749997 0.49594861111111116 0.4680856765625 0.4971800916666667 0.47234114531250004 0.4961245361111111 0.47719010468749995 0.4933097222222222
2 0.36976328125 0.24852268611111109 0.36897135468750003 0.24539444444444444 0.36747578125 0.24383055555555555 0.36404479218749997 0.24383055555555555 0.3592940109375 0.24586342500000002 0.3552471359375 0.24883518611111113 0.3531356765625 0.25243240833333336 0.35304765625 0.2563425916666667 0.3561268234375 0.2730773138888889 0.35621484375 0.29372268611111113 0.3584143234375 0.29653796388888887 0.3624611984375 0.29794536944444444 0.3662440109375 0.29794536944444444 0.37284244843750003 0.29434814722222225 0.37583359375000003 0.2916893527777778 0.3784729171875 0.28777916666666664 0.3791765625 0.2818361111111111 0.3725783859375 0.26400601944444446 0.3704669265625 0.251025 0.36976328125 0.24852268611111109
2 0.13777213593749998 0.43026713055555554 0.1424549484375 0.4250092583333333 0.1450427078125 0.4212851861111111 0.1456588546875 0.4169037027777778 0.1378953125 0.3949958333333333 0.1343216140625 0.3752787027777778 0.1319802078125 0.3719925916666667 0.12643489531250002 0.3719925916666667 0.12101276093749999 0.37440277777777775 0.11719244843750001 0.37790786944444443 0.11509765624999999 0.3807560194444445 0.11398854218750001 0.384699075 0.11780859375 0.4048541666666667 0.11854791718749999 0.4291717583333333 0.12175208281250001 0.4326773138888889 0.1285296875 0.43442963055555556 0.1339518234375 0.4328962972222222 0.13777213593749998 0.43026713055555554
2 0.1021583328125 0.22499213055555556 0.09969375 0.22345833333333331 0.09648984375 0.22258240833333331 0.0932856765625 0.2243347222222222 0.09057473906249999 0.22586851944444447 0.0867544265625 0.2289356472222222 0.0856453125 0.23244074166666667 0.0890958328125 0.2493097222222222 0.0892190109375 0.2679310194444445 0.09266953125 0.2716555555555556 0.0967361984375 0.272750925 0.1031442703125 0.2707791666666667 0.1084432296875 0.26705509166666663 0.11152395781249999 0.26333055555555557 0.1125096359375 0.25873009166666666 0.10573203125 0.24054675833333333 0.1027744796875 0.22696388888888888 0.1021583328125 0.22499213055555556