1 0.20659765624999998 0.49691203611111107 0.3454856765625 0.49691203611111107 0.3454856765625 0.26543055555555556 0.20659765624999998 0.26543055555555556 0.20659765624999998 0.49691203611111107
1 0.3263893234375 0.6296319444444444 0.49652734374999996 0.6296319444444444 0.49652734374999996 0.35802546388888884 0.3263893234375 0.35802546388888884 0.3263893234375 0.6296319444444444
1 0.49045052031249997 0.8302476861111111 0.7248255203125 0.8302476861111111 0.7248255203125 0.5077152777777778 0.49045052031249997 0.5077152777777778 0.49045052031249997 0.8302476861111111
1 1 0.6913611111111111 0.7395833328125 0.6913611111111111 0.7395833328125 1 1 1 1 0.6913611111111111
1 0.6935768234374999 0.7685185194444445 0.9895846359375 0.7685185194444445 0.9895846359375 0.48148148055555556 0.6935768234374999 0.48148148055555556 0.6935768234374999 0.7685185194444445
1 0.5008684890625 0.5524675916666666 0.7022565109375 0.5524675916666666 0.7022565109375 0.33487500000000003 0.5008684890625 0.33487500000000003 0.5008684890625 0.5524675916666666
1 0.36371484375 0.445988425 0.5060768234374999 0.445988425 0.5060768234374999 0.24074305555555556 0.36371484375 0.24074305555555556 0.36371484375 0.445988425
1 0.2638893234375 0.36574074166666665 0.3767356765625 0.36574074166666665 0.3767356765625 0.175925925 0.2638893234375 0.175925925 0.2638893234375 0.36574074166666665
2 0.5841145828125 0.37175925833333334 0.5853223953125 0.37764166666666665 0.5906302078125 0.3806532416666667 0.5976317703125 0.37864583333333335 0.6020361984375 0.3740282416666667 0.6028645828125 0.3685185194444444 0.6015843750000001 0.36318657499999996 0.6000033859375 0.3559592583333333 0.5993257812499999 0.340299075 0.5963895828125 0.3376893527777778 0.59140625 0.3370370361111111 0.5885416671875 0.338425925 0.5853223953125 0.3419055555555556 0.5856770828125 0.3592592583333334 0.5841145828125 0.37175925833333334
2 0.39453125 0.3888888888888889 0.39366406249999997 0.39793935277777776 0.3933622390625 0.40437731388888887 0.3966065109375 0.4089370361111111 0.40143489531250004 0.40960786944444444 0.4063385421875 0.40786435277777777 0.4101861984375 0.40464536944444446 0.41237421875 0.3991462972222222 0.4098091140625 0.38989213055555555 0.40822473906249995 0.3839907416666667 0.4070177078125 0.37017592499999996 0.40626328125000005 0.36803009166666667 0.40324557343749995 0.36601805555555555 0.39909609375 0.366286575 0.3952484375 0.3682981472222222 0.39351328125 0.37178564722222224 0.39396588593750004 0.380100925 0.39453125 0.3888888888888889
2 0.42291666718750004 0.2662037027777778 0.42227578125000004 0.2783939805555556 0.42299453124999997 0.2822268527777778 0.4258692703125 0.2849245361111111 0.4317786453125 0.2840726861111111 0.43497291718750003 0.2818013888888889 0.43736848906250003 0.2783939805555556 0.43800729218749995 0.2748449083333333 0.43417421875000006 0.26291990833333334 0.4335354171875 0.257099075 0.4328125 0.2504629638888889 0.4309895828125 0.2481481472222222 0.42786458281249995 0.24768518611111112 0.4241924484375 0.249575 0.42187656249999994 0.2524143527777778 0.42171692656250004 0.25880277777777777 0.42291666718750004 0.2662037027777778
2 0.26280442656249997 0.2818013888888889 0.2634432296875 0.2879055555555556 0.2637627609375 0.29344213055555557 0.26384244843750004 0.29784305555555557 0.2639223953125 0.30266990833333335 0.2650403640625 0.3046574083333333 0.2674359375 0.30579351944444444 0.26991145781250003 0.30579351944444444 0.2752619796875 0.30423148055555554 0.2784559890625 0.30082453611111115 0.2798135421875 0.29954675833333333 0.27957421875 0.29585555555555554 0.27566119843750003 0.2850662027777778 0.27438359375 0.27555463055555557 0.2733453125 0.271863425 0.27063020781249997 0.27101203611111113 0.2669270828125 0.2717592583333333 0.2638020828125 0.27407407500000003 0.2622455734375 0.27498703611111114 0.26280442656249997 0.2818013888888889
2 0.3098958328125 0.1981481472222222 0.30918697968750003 0.2023787027777778 0.30918697968750003 0.2079888888888889 0.31072630156250003 0.21250463055555555 0.3136510421875 0.21346250000000003 0.3170377609375 0.2131888888888889 0.3189619796875 0.21209398055555553 0.3210401046875 0.20976805555555553 0.32211770781250004 0.20744166666666666 0.32273359375 0.20538888888888887 0.32196380156250004 0.20265231388888888 0.32119427031250003 0.19923148055555553 0.3201166671875 0.19512638888888892 0.31950078125000003 0.1923898138888889 0.31875 0.18611111111111112 0.3174479171875 0.18240740833333335 0.3148825515625 0.18157963055555557 0.3108033859375 0.18294814722222222 0.308725 0.18568472222222224 0.308725 0.18937963055555554 0.3098958328125 0.1981481472222222