1 0.15997395833333333 0.2758611111111111 0.2491328125 0.3101851851851852
1 0.26594531250000003 0.5081620370370371 0.2725703125 0.33179166666666665
1 0.4231770833333333 0.28544444444444445 0.2456588541666667 0.30709722222222224
1 0.55884375 0.5151064814814815 0.2725703125 0.3333333333333333
1 0.687359375 0.29539814814814813 0.25173697916666665 0.3055555555555556
1 0.8424479166666666 0.5378101851851852 0.2734375 0.3225324074074074
1 0.9144973958333333 0.31790277777777776 0.17100520833333333 0.28703703703703703
2 0.15202291666666667 0.19832453703703704 0.14623098958333333 0.18407777777777778 0.14488203125 0.18280833333333332 0.142184375 0.18196203703703703 0.13782057291666666 0.1842189814814815 0.13559869791666665 0.18760416666666668 0.13329791666666665 0.1918361111111111 0.13290104166666666 0.19606759259259257 0.1335359375 0.19931203703703704 0.13837578125000002 0.21116064814814817 0.14099427083333332 0.22583055555555553 0.14266041666666668 0.229075 0.14718307291666666 0.23006203703703704 0.15130885416666665 0.22893379629629632 0.15622812500000002 0.22413796296296296 0.15845 0.22018842592592594 0.159878125 0.21539259259259258 0.159878125 0.21017314814814814 0.15210234375 0.19818333333333335
2 0.2556716145833333 0.4742106481481482 0.2591265625 0.4739314814814815 0.26289583333333333 0.47113935185185185 0.26611536458333335 0.46723055555555554 0.26784270833333335 0.4627634259259259 0.26902057291666664 0.45801712962962965 0.26909921875 0.4522939814814815 0.26839244791666667 0.4467101851851852 0.2671359375 0.4439180555555556 0.2621890625 0.4397300925925926 0.25755625 0.4281435185185185 0.255121875 0.42493287037037036 0.25331588541666666 0.4240953703703704 0.25088177083333335 0.4240953703703704 0.2475052083333333 0.4260495370370371 0.2449140625 0.42995833333333333 0.24326510416666666 0.4335879629629629 0.24263671875 0.4391717592592593 0.24302942708333333 0.44377824074074074 0.2446 0.44852453703703704 0.24609192708333336 0.4522939814814815 0.24734817708333334 0.45480648148148145 0.2467984375 0.46429907407407406 0.24758385416666667 0.46764953703703704 0.25025364583333337 0.4714185185185185 0.25260937499999997 0.47281435185185183
2 0.4277700520833333 0.22044629629629628 0.42761901041666667 0.20768472222222223 0.42686328125 0.20472916666666666 0.42527630208333334 0.20163935185185186 0.42285833333333334 0.19975879629629628 0.42081822916666667 0.19895277777777778 0.4185510416666667 0.19895277777777778 0.4169643229166667 0.19975879629629628 0.4149997395833333 0.20137083333333333 0.4135638020833333 0.20365462962962963 0.41280833333333333 0.2063412037037037 0.41265703125000003 0.20781898148148148 0.4125059895833333 0.21816296296296298 0.40993671875 0.2272976851851852 0.4094833333333333 0.23052175925925927 0.4100125 0.23347731481481482 0.4114481770833333 0.23898518518518516 0.41424401041666664 0.24314953703703704 0.4163598958333333 0.24556759259259262 0.42089375 0.2463736111111111 0.42588098958333337 0.24476157407407406 0.4290546875 0.23911944444444447 0.43033932291666666 0.23414907407407407 0.43026354166666664 0.2290439814814815
2 0.5587408854166667 0.4853527777777778 0.5620231770833333 0.4852064814814815 0.5662083333333333 0.4822888888888888 0.5682596354166667 0.47776666666666673 0.5696546875 0.4706185185185185 0.56957265625 0.4675550925925926 0.566946875 0.4566134259259259 0.5671109375000001 0.44377592592592596 0.5667005208333333 0.44085833333333335 0.56514140625 0.43750277777777774 0.5633361979166666 0.4353148148148148 0.5608744791666667 0.4341476851851852 0.5589869791666667 0.4338560185185185 0.5563611979166667 0.4342935185185185 0.5538171875 0.4361898148148148 0.5522580729166666 0.4386699074074074 0.5509453125 0.4426087962962963 0.5505348958333334 0.45486296296296297 0.5471705729166667 0.46624212962962963 0.54700625 0.4700347222222222 0.5476627604166667 0.4751407407407408 0.54930390625 0.47878796296296294 0.5521760416666667 0.4821430555555556 0.5546377604166667 0.4849148148148148
2 0.6919229166666666 0.25091851851851854 0.6945486979166666 0.2516481481481481 0.6974208333333334 0.25106435185185183 0.70062109375 0.24902222222222223 0.70300078125 0.2452291666666667 0.7041497395833333 0.24231157407407408 0.7039856770833333 0.2370597222222222 0.70316484375 0.22859861111111113 0.705134375 0.21517731481481484 0.70521640625 0.21196805555555556 0.7036572916666667 0.20788333333333334 0.7023442708333333 0.2061324074074074 0.6999645833333333 0.2042361111111111 0.6983234374999999 0.20336064814814817 0.69594375 0.20321481481481482 0.6935640625 0.20438194444444444 0.69126640625 0.20642453703703703 0.6900354166666667 0.2103634259259259 0.6881481770833333 0.2232009259259259 0.68461953125 0.2288902777777778 0.6837169270833333 0.23239166666666666 0.6833067708333334 0.2364763888888889 0.6839630208333334 0.24070694444444446 0.6859325520833334 0.24552083333333335 0.6885583333333333 0.24902222222222223