1 1 0.5601875 0.8177083328125001 0.5601875 0.8177083328125001 0.8765439805555556 1 0.8765439805555556 1 0.5601875
1 0.6779518234374999 0.5925949083333334 0.91666796875 0.5925949083333334 0.91666796875 0.32561805555555556 0.6779518234374999 0.32561805555555556 0.6779518234374999 0.5925949083333334
1 0.4939231765625 0.8287060194444444 0.73176953125 0.8287060194444444 0.73176953125 0.5385810194444444 0.4939231765625 0.5385810194444444 0.4939231765625 0.8287060194444444
1 0.3854153640625 0.5771597222222222 0.59808984375 0.5771597222222222 0.59808984375 0.31172916666666667 0.3854153640625 0.31172916666666667 0.3854153640625 0.5771597222222222
1 0.2578111984375 0.8024675916666666 0.4782981765625 0.8024675916666666 0.4782981765625 0.5246898138888889 0.2578111984375 0.5246898138888889 0.2578111984375 0.8024675916666666
1 0.16840364531250002 0.5740717583333333 0.3715286453125 0.5740717583333333 0.3715286453125 0.33178935277777777 0.16840364531250002 0.33178935277777777 0.16840364531250002 0.5740717583333333
1 0.0407994796875 0.8024675916666666 0.2543411453125 0.8024675916666666 0.2543411453125 0.5293194444444445 0.0407994796875 0.5293194444444445 0.0407994796875 0.8024675916666666
1 0 0.5555578694444444 0.171875 0.5555578694444444 0.171875 0.31790509166666664 0 0.31790509166666664 0 0.5555578694444444
2 0.042809375 0.4374462972222223 0.0457638015625 0.4350879638888889 0.04787421875 0.4315504638888889 0.0498638015625 0.42704861111111114 0.05064765624999999 0.4196523138888889 0.0503463546875 0.4145074083333333 0.0494419265625 0.4113986111111111 0.047029948437500003 0.4090402777777778 0.03937265625 0.40893333333333337 0.0303283859375 0.4032523138888889 0.028398957812499997 0.40293055555555557 0.02586640625 0.4040023138888889 0.02375625 0.40689675833333333 0.0223091140625 0.41054120277777784 0.0215252609375 0.4145074083333333 0.0215856765625 0.4180444444444445 0.0226106765625 0.42190324166666665 0.0246002609375 0.4239398138888889 0.03400625 0.4286564805555555 0.0410005203125 0.43680277777777776 0.042809375 0.4374462972222223
2 0.48160546875000004 0.42567499999999997 0.48069843749999996 0.4287532416666667 0.4803684890625 0.43256435277777777 0.48102812500000003 0.4379879638888889 0.4816877609375 0.4423851861111111 0.4836666671875 0.44370463055555553 0.48589296875 0.4463430555555556 0.4886963546875 0.4472226861111111 0.491746875 0.44692963055555557 0.49504505156249995 0.44414444444444445 0.49661171875 0.44018657499999997 0.49801328125 0.4363754638888889 0.49817838593749997 0.43109861111111114 0.49801328125 0.4269944444444444 0.4970239578125 0.42450231388888887 0.4960346359375 0.4220106472222222 0.49595208281250003 0.4186388888888889 0.49430312499999995 0.4143879638888889 0.491746875 0.4110166666666667 0.48927343749999996 0.4104305555555555 0.48630520781250003 0.4116032416666667 0.48416145781250003 0.4140949083333333 0.4825122390625 0.4180527777777778 0.4825122390625 0.423036575 0.48160546875000004 0.42567499999999997
2 0.6166294265625 0.6955458333333333 0.6183778640625001 0.6938504638888889 0.6199674484375 0.6914486111111111 0.6212388015625 0.6877754638888889 0.6219541671875 0.6849495361111111 0.6230666671875 0.6814175916666667 0.6233846359374999 0.6770375 0.6228283859375 0.6725166666666667 0.6223515625 0.6699736111111111 0.62092109375 0.6668652777777777 0.6202057296875 0.6650282416666666 0.6194109375 0.6626263888888889 0.6187752609375 0.6600833333333334 0.6167088546875 0.6581055555555556 0.6136890625 0.6572578694444444 0.6105101562499999 0.6578226861111112 0.6079669265625001 0.659800925 0.6053442703125 0.6626263888888889 0.60407265625 0.6664412027777777 0.603278125 0.6718101861111111 0.603278125 0.6776027777777778 0.60351640625 0.6824064805555555 0.6047085937500001 0.6876337972222223 0.6061390624999999 0.6907421305555556 0.60820546875 0.6934268527777778 0.6118611984375 0.695687036111111 0.6160731765625 0.6961111111111111 0.6166294265625 0.6955458333333333