1 0.9155481765625 0.7674583333333334 0.9999986984375001 0.7674583333333334 0.9999986984375001 0.546625 0.9155481765625 0.546625 0.9155481765625 0.7674583333333334
1 0.7741158859375 0.6055115750000001 0.9395872390625 0.6055115750000001 0.9395872390625 0.4339328694444445 0.7741158859375 0.4339328694444445 0.7741158859375 0.6055115750000001
1 0.72340625 0.7655416666666668 0.9093385421875 0.7655416666666668 0.9093385421875 0.546625 0.72340625 0.546625 0.72340625 0.7655416666666668
1 0.6104986984375 0.6055115750000001 0.7685377609375 0.6055115750000001 0.7685377609375 0.4297106472222222 0.6104986984375 0.4297106472222222 0.6104986984375 0.6055115750000001
1 0.5320572921875 0.755488425 0.713734375 0.755488425 0.713734375 0.5381689805555556 0.5320572921875 0.5381689805555556 0.5320572921875 0.755488425
1 0.4445052078125 0.6127453694444445 0.5977812499999999 0.6127453694444445 0.5977812499999999 0.42759722222222224 0.4445052078125 0.42759722222222224 0.4445052078125 0.6127453694444445
1 0.3343684890625 0.7531064805555556 0.5130638015625 0.7531064805555556 0.5130638015625 0.5374675916666667 0.3343684890625 0.5374675916666667 0.3343684890625 0.7531064805555556
1 0.2757369796875 0.5988425916666666 0.42915885468750004 0.5988425916666666 0.42915885468750004 0.42125925833333333 0.2757369796875 0.42125925833333333 0.2757369796875 0.5988425916666666
1 0.1438111984375 0.7454305555555556 0.32544921875 0.7454305555555556 0.32544921875 0.5254953694444444 0.1438111984375 0.5254953694444444 0.1438111984375 0.7454305555555556
2 0.2344950515625 0.5928583333333334 0.23671562499999999 0.5869379638888889 0.23715989531249998 0.5839773138888888 0.2366046875 0.5798328694444445 0.2324966140625 0.5733203694444444 0.2303872390625 0.5668074083333333 0.2291658859375 0.5630578694444444 0.2276114578125 0.5612814805555555 0.22561302031250002 0.5604921305555556 0.2229484375 0.5618736111111111 0.22017265625000002 0.5644393527777778 0.21861822968750003 0.5670046305555556 0.21784114531249998 0.5707546305555555 0.21961744843750003 0.5786490750000001 0.22006171874999997 0.5827935194444445 0.2205057296875 0.5875300916666666 0.22250416718750002 0.5930560194444444 0.22516875 0.5958189805555556 0.22694869843749998 0.5965351861111111 0.2322747390625 0.5958189805555556 0.2344950515625 0.5928583333333334
2 0.35282760468749996 0.46813796388888884 0.35482604218749997 0.4657699083333333 0.3559361984375 0.46280925833333336 0.3562692703125 0.4586648138888889 0.3557143234375 0.45570463055555555 0.35393776093749996 0.4521523138888889 0.35216145781249997 0.4432712972222222 0.3511622390625 0.44050833333333334 0.3491635421875 0.43892916666666665 0.34672109375 0.4391268527777778 0.3445005203125 0.4403106472222222 0.34294609375 0.4436657416666666 0.3422799484375 0.4464287027777778 0.3437231765625 0.45491527777777774 0.34305703125 0.464388425 0.3442783859375 0.4675458333333333 0.3470184890625 0.46993703611111115 0.35005182343749996 0.46991435277777777 0.35282760468749996 0.46813796388888884
2 0.42888411406250004 0.6035351861111111 0.4305494796875 0.6003773138888888 0.4308825515625 0.5948513888888889 0.4298833328125 0.5905092583333333 0.4284401046875 0.5861675916666667 0.42744088593749996 0.577286575 0.42677473906249996 0.5743263888888889 0.42477604218750004 0.5721555555555555 0.42244453125000003 0.5713657416666666 0.42033515625 0.5723527777777778 0.41811458281249997 0.574523611111111 0.41678229218749996 0.5770893527777777 0.41611614531249996 0.581036575 0.41678229218749996 0.587549075 0.41567187499999997 0.5907069444444445 0.4155609375 0.5952458333333334 0.41656015625 0.6001800916666666 0.41855859375 0.6041268527777778 0.4208901046875 0.6064953694444445 0.4233598953125 0.6071754638888889 0.42688567656250004 0.6062981472222222 0.42888411406250004 0.6035351861111111
2 0.5270981765625 0.47646713055555556 0.5287635421875 0.47251990833333335 0.5286526046875 0.46955972222222225 0.5272091140625 0.4636388888888889 0.5276533859375 0.45495555555555556 0.5269872390625 0.4512055555555555 0.5247666671875 0.4488375 0.5222130203125 0.4476532416666667 0.5199924484375 0.44844259166666667 0.5181049484375 0.45140277777777776 0.5176609375 0.4610736111111111 0.5157734375 0.46719166666666667 0.5157734375 0.4707439805555556 0.5173278640625 0.4742962972222222 0.5193263015625 0.47765138888888886 0.52193203125 0.47884027777777777 0.52454453125 0.47824351944444443 0.5270981765625 0.47646713055555556
2 0.6273578125 0.6091967583333333 0.6306885421875 0.6068282416666667 0.6327981765625 0.6036708333333333 0.6314658859375 0.5936055555555556 0.63224296875 0.5857111111111111 0.63235390625 0.5815666666666667 0.6316877609375 0.5780143527777778 0.6298002609375 0.5742648138888888 0.627246875 0.5728828694444444 0.6250263015625 0.5728828694444444 0.62247265625 0.5746592583333333 0.6208072921875 0.5778171305555555 0.62047421875 0.582750925 0.6195859375 0.5857111111111111 0.6181424484375 0.5868953694444444 0.6161440109375 0.5898555555555556 0.6158109375 0.5936055555555556 0.6163661453125 0.5979472222222222 0.6182536453125 0.603275925 0.6202598953125 0.6056555555555556 0.6233609375 0.6088018527777778 0.6273578125 0.6091967583333333
2 0.6960367187500001 0.4813236111111111 0.6984794265625001 0.4791527777777778 0.6993674484375 0.47599490833333336 0.699034375 0.46889027777777775 0.7002557296874999 0.4611935194444444 0.7009218749999999 0.4570486111111111 0.69981171875 0.45448333333333335 0.6973690109375 0.4517203694444445 0.6952596359375 0.4507333333333334 0.69203984375 0.4511282416666667 0.6908184890625 0.453299075 0.689153125 0.46178518611111113 0.68637734375 0.4665217583333333 0.6852671875 0.4700745361111111 0.6852671875 0.4752055555555556 0.6893947921875 0.4805773138888889 0.69215078125 0.4823106472222222 0.6960367187500001 0.4813236111111111
2 0.8262354171874999 0.6180069444444444 0.8297882812499999 0.6182046305555555 0.8321197921874999 0.6158361111111111 0.83345234375 0.6063629638888889 0.83744921875 0.5961004638888889 0.8380044265625 0.5933375 0.8377822921875 0.5913638888888889 0.8360057296875001 0.5874166666666667 0.8340072921875 0.5846537027777778 0.8322309890625 0.5824828694444445 0.82956640625 0.5814962972222222 0.8272346359375 0.5818907416666667 0.8252361984375 0.5850486111111112 0.8229046875 0.5913638888888889 0.8204619796875001 0.5941268527777778 0.8183526046875 0.5986662027777778 0.81801953125 0.6032055555555556 0.8185744796875 0.6081393527777779 0.8200914062500001 0.6136898138888889 0.823015625 0.6166254638888888 0.8262354171874999 0.6180069444444444
2 0.8696296875 0.4851986111111111 0.8719614578125 0.4840143527777778 0.8727385421875 0.47829120277777776 0.8729606765625 0.47414629722222223 0.8760692703125 0.46605509166666664 0.8768466140625 0.4630944444444444 0.8766244796875 0.4605287027777778 0.8750700515625001 0.45776574166666667 0.8731825515624999 0.45559490833333327 0.87051796875 0.45401620277777777 0.8680755203125001 0.45421342499999995 0.8664098953125 0.4553976861111111 0.8649666671875 0.4575685194444445 0.8631901046875001 0.46329166666666666 0.8620799484375 0.46684444444444445 0.8600815109375001 0.4700018527777778 0.8581940109374999 0.4745412027777778 0.8583049484374999 0.47809351944444445 0.8617432296875001 0.482749075 0.865521875 0.4851986111111111 0.8696296875 0.4851986111111111