1 0.27951302031249997 0.7422847222222223 0.5295130203125 0.7422847222222223 0.5295130203125 0.4475300916666667 0.27951302031249997 0.4475300916666667 0.27951302031249997 0.7422847222222223
1 0.23003385468749998 0.5154305555555556 0.43055468750000003 0.5154305555555556 0.43055468750000003 0.3256157416666667 0.23003385468749998 0.3256157416666667 0.23003385468749998 0.5154305555555556
1 0.44097135468750004 0.5817893527777778 0.6519088546875 0.5817893527777778 0.6519088546875 0.33796064722222224 0.44097135468750004 0.33796064722222224 0.44097135468750004 0.5817893527777778
1 0.5538203125 0.7824050916666667 0.8350703125000001 0.7824050916666667 0.8350703125000001 0.45678935277777777 0.5538203125 0.45678935277777777 0.5538203125 0.7824050916666667
1 0.6727434890625 0.5493819444444444 0.9053815109375 0.5493819444444444 0.9053815109375 0.33796064722222224 0.6727434890625 0.33796064722222224 0.6727434890625 0.5493819444444444
1 1 0.4922847222222222 0.8446197921874999 0.4922847222222222 0.8446197921874999 0.8194467583333334 1 0.8194467583333334 1 0.4922847222222222
2 0.3269122390625 0.3344652777777778 0.3261494796875 0.3337870361111111 0.323784375 0.33215972222222223 0.3217244796875 0.33229536944444443 0.3196645828125 0.33270185277777775 0.3180625 0.33419398055555555 0.3166890625 0.3351435194444444 0.31577369843750003 0.33677083333333335 0.3150106765625 0.33785601944444443 0.3168416671875 0.3525041666666667 0.3167653640625 0.36755925833333336 0.319359375 0.36972916666666666 0.321571875 0.37067870277777776 0.3233265625 0.37067870277777776 0.3254627609375 0.37054305555555556 0.32752265625 0.3693222222222222 0.330421875 0.36742361111111116 0.33171875 0.3652532416666666 0.3328630203125 0.36199814722222223 0.3330919265625 0.36064213055555555 0.3294299484375 0.34789259166666664 0.3275989578125 0.3364995361111111 0.3269122390625 0.3344652777777778
2 0.40495937499999995 0.5152611111111111 0.4080872390625 0.511599075 0.4096893234375 0.5080726861111111 0.4103760421875 0.5060379638888889 0.40534088593749995 0.4896268527777778 0.40404375000000003 0.473350925 0.40274687499999995 0.47050277777777777 0.3996950515625 0.4681972222222222 0.3964908859375 0.46765463055555556 0.39397317656249997 0.4684685194444444 0.3904638015625 0.4710453694444445 0.3883276046875 0.47565694444444445 0.3880223953125 0.47782685277777776 0.3897770828125 0.494374075 0.3880223953125 0.5102425916666666 0.3897770828125 0.5133620361111112 0.3926763015625 0.5166171305555556 0.3951940109375 0.5178379638888889 0.39809296875 0.5185162027777778 0.40175494843750004 0.5179736111111111 0.40495937499999995 0.5152611111111111
2 0.5535765625 0.34612963055555557 0.5525848953125 0.34395925833333335 0.5497619796875 0.3424675916666666 0.5474731765625 0.34151805555555553 0.5438875000000001 0.34260324166666667 0.5417513015625001 0.3454513888888889 0.5410645828125 0.3598282416666666 0.5379367187499999 0.3728486111111111 0.5383182296875 0.37610370277777777 0.5403018234375 0.37868101944444443 0.5435822921875 0.38180046388888894 0.5469393234375 0.38247870277777773 0.55029609375 0.38234305555555553 0.554034375 0.3784097222222222 0.5552549484375 0.37501898055555555 0.5534239578125 0.3624050916666667 0.5539580734375 0.3480282416666667 0.5535765625 0.34612963055555557
2 0.6828125 0.5194444444444445 0.6830729171875001 0.525925925 0.6848958328125 0.5314814805555556 0.6893229171875 0.5402777777777777 0.6916666671875 0.5412037027777779 0.6994791671875 0.5402777777777777 0.7028645828125 0.5370370361111111 0.7049479171875 0.5328703694444444 0.7052083328125 0.525925925 0.7044270828125 0.5180555555555556 0.7065104171875001 0.4981481472222222 0.7059895828125 0.4949074083333333 0.70390625 0.4898148138888889 0.6973958328125 0.486574075 0.6927083328125 0.4875 0.6901041671875 0.49166666666666664 0.6872395828125 0.5087962972222222 0.6828125 0.5194444444444445
2 0.8052924484374999 0.3531375 0.8046216140625001 0.3511995361111111 0.8021898437500001 0.34866574166666664 0.7990036453125 0.347324075 0.7959013015624999 0.3467277777777778 0.7927986984375 0.347324075 0.7905348953125 0.3488148138888889 0.7878515625 0.3637212972222222 0.78248515625 0.3751995361111111 0.7818145828125 0.3781805555555556 0.7834075515625 0.3820564805555556 0.7853361984375 0.3848888888888889 0.7890255203125001 0.38861527777777777 0.7918765624999999 0.3896587972222222 0.79598515625 0.3896587972222222 0.7993390625 0.38861527777777777 0.80244140625 0.38473981388888895 0.8023575515625 0.3702800916666667 0.8052924484374999 0.3555226861111111 0.8052924484374999 0.3531375