1 0.9011666666666667 0.6171203703703704 0.19766666666666666 0.284962962962963
1 0.7845442708333333 0.3649351851851852 0.23134375000000001 0.2569722222222222
1 0.5995546875 0.5923981481481481 0.223171875 0.26702314814814815
1 0.4826197916666667 0.3627777777777778 0.2093046875 0.25450925925925927
1 0.36054166666666665 0.5798333333333333 0.207046875 0.25672685185185184
1 0.26571354166666666 0.3712037037037037 0.19672916666666668 0.23428703703703704
1 0.14738020833333335 0.5765925925925927 0.1936171875 0.24468055555555554
1 0.08002604166666667 0.35762962962962963 0.16005208333333334 0.2321712962962963
2 0.037584114583333335 0.3579037037037037 0.04099505208333333 0.3579569444444444 0.044625000000000005 0.3543513888888889 0.04633307291666667 0.3484685185185185 0.04718697916666667 0.34201666666666664 0.047400520833333334 0.3361337962962963 0.045905989583333334 0.3321486111111111 0.04419791666666666 0.3302509259259259 0.04099505208333333 0.32873287037037036 0.03501666666666667 0.3285430555555556 0.025301822916666668 0.3234194444444444 0.02273958333333333 0.32322962962962964 0.019750520833333333 0.3256967592592593 0.018042447916666666 0.33006157407407405 0.01718828125 0.3351851851851852 0.017508593750000002 0.33973935185185183 0.019003125 0.3431550925925926 0.02273958333333333 0.3461916666666667 0.029145052083333334 0.3494175925925926 0.030639583333333335 0.35036620370370375
2 0.47824557291666664 0.36448425925925926 0.48243697916666667 0.3633064814814815 0.48512786458333335 0.35900185185185185 0.48754973958333336 0.3542185185185185 0.48781874999999997 0.34895740740740744 0.4870114583333333 0.34369583333333337 0.4852625 0.33915185185185187 0.48432057291666664 0.3314986111111111 0.48243697916666667 0.3271939814814815 0.47920807291666667 0.3252805555555556 0.47570989583333334 0.3250416666666667 0.47261536458333336 0.32791157407407406 0.47127005208333334 0.3319768518518519 0.4707317708333333 0.3386736111111111 0.4693864583333333 0.34297824074074074 0.46857916666666666 0.34895740740740744 0.4693864583333333 0.3546972222222222 0.47140442708333335 0.3597194444444445 0.4739609375 0.36354583333333335
2 0.5975479166666666 0.6049962962962963 0.6007947916666667 0.6042949074074074 0.6052348958333333 0.6011861111111111 0.60684921875 0.5961638888888888 0.6076565104166666 0.5906629629629631 0.6079255208333334 0.5846842592592593 0.60671484375 0.5777486111111111 0.6052348958333333 0.5734439814814815 0.60308203125 0.5691388888888889 0.5994494791666667 0.5660300925925926 0.595009375 0.5662689814814815 0.5915114583333333 0.5686606481481482 0.5900312499999999 0.5739222222222222 0.5885513020833333 0.579662037037037 0.5878786458333334 0.5861189814814816 0.5882822916666667 0.5913805555555556 0.5894932291666667 0.5980768518518519 0.5919151041666667 0.6019037037037037 0.5939330729166666 0.6042949074074074