1 0.7774817708333334 0.6296944444444444 0.3413671875 0.395162037037037
1 0.6928151041666666 0.3581759259259259 0.25966666666666666 0.23452777777777778
1 0.4760104166666667 0.46191203703703704 0.2443046875 0.3145324074074074
1 0.4578776041666667 0.24816666666666665 0.19608854166666667 0.18209722222222222
1 0.2749583333333333 0.34031481481481485 0.17813020833333332 0.2530925925925926
1 0.2878125 0.17017592592592592 0.15603906250000002 0.12997685185185184
1 0.15390885416666666 0.14608796296296298 0.12769791666666666 0.17386111111111113
1 0.11818749999999999 0.2566388888888889 0.1513359375 0.22736574074074076
1 0.03785677083333334 0.18837962962962962 0.07571354166666668 0.18532870370370372
1 0.057109375000000004 0.09810185185185186 0.11421875000000001 0.1463611111111111
2 0.04794713541666666 0.03453611111111111 0.05217369791666667 0.03298981481481481 0.05584635416666666 0.029072685185185184 0.056825781250000006 0.025591203703703703 0.053153125 0.016016203703703703 0.050949739583333334 0.007312037037037037 0.04825651041666667 0.004265740740740741 0.043604427083333334 0.004265740740740741 0.039686979166666664 0.006441666666666667 0.039686979166666664 0.011664351851851853 0.041401041666666666 0.02036851851851852 0.041401041666666666 0.02994305555555556 0.04409427083333333 0.03429537037037037
2 0.14410781250000002 0.044113425925925924 0.14863984375 0.04517546296296296 0.15108828124999998 0.049962962962962966 0.1523125 0.05605555555555555 0.15598489583333333 0.06563055555555555 0.15647473958333336 0.0704175925925926 0.15329166666666666 0.07433472222222222 0.14912942708333335 0.07825138888888888 0.1442328125 0.07868657407407408 0.14080494791666667 0.07651064814814815 0.14056015624999998 0.06301898148148148 0.1386015625 0.05431481481481481 0.13835677083333334 0.0490925925925926
2 0.1039734375 0.13701203703703704 0.10971067708333333 0.13613472222222223 0.11166927083333333 0.14135694444444447 0.11387291666666667 0.14962592592592594 0.11876979166666667 0.16094166666666668 0.11876979166666667 0.1657287037037037 0.11681093749999999 0.17138657407407407 0.11069010416666666 0.1757388888888889 0.10456901041666668 0.17486851851851853 0.0999171875 0.17269212962962963 0.10016197916666666 0.1574597222222222 0.09844817708333334 0.14962592592592594 0.09844817708333334 0.1426625
2 0.27824791666666665 0.13126574074074074 0.28363984374999995 0.12992962962962964 0.28731249999999997 0.12644768518518518 0.288046875 0.12209583333333332 0.2846192708333334 0.10903935185185186 0.2833950520833334 0.10033518518518518 0.282415625 0.09598287037037037 0.2792328125 0.09380694444444444 0.27653958333333334 0.09337175925925925 0.2733567708333334 0.09337175925925925 0.2706635416666667 0.0968537037037037 0.27041875 0.10251111111111111 0.2713979166666666 0.11165046296296297 0.26992890625 0.12557731481481482 0.2713979166666666 0.12949444444444447
2 0.2690895833333334 0.22129074074074073 0.26748072916666665 0.21305462962962962 0.26650130208333334 0.20913796296296297 0.26429765625 0.20652685185185185 0.2608700520833333 0.20652685185185185 0.25646302083333333 0.2082675925925926 0.2527903645833333 0.21131388888888888 0.2513213541666667 0.21610138888888888 0.2535247395833333 0.2295925925925926 0.25230078125 0.23916759259259257 0.2540145833333333 0.24787175925925928 0.2574421875 0.25222361111111113 0.2623390625 0.2535291666666667 0.26845989583333335 0.25178842592592593 0.27262213541666663 0.24787175925925928 0.2743359375 0.24308425925925928 0.27213255208333337 0.23307453703703704
2 0.446865625 0.19639027777777776 0.45152343749999996 0.1976962962962963 0.4586236979166667 0.19334444444444446 0.4605825520833333 0.1872513888888889 0.45690989583333336 0.17201898148148148 0.4564203125 0.1611388888888889 0.45544088541666666 0.15504583333333333 0.4510338541666667 0.15156435185185185 0.44760625 0.1506935185185185 0.44368880208333333 0.1533050925925926 0.4409955729166667 0.15722175925925924 0.44148515625 0.17506574074074074 0.4400161458333333 0.18986250000000002 0.44172994791666664 0.19465000000000002
2 0.46518203125 0.36351157407407403 0.4723674479166667 0.36162546296296294 0.47604010416666664 0.35770833333333335 0.47897812500000003 0.3511800925925926 0.47408151041666663 0.3315958333333333 0.4728572916666666 0.31549305555555557 0.4716330729166666 0.3115759259259259 0.46991927083333335 0.3085296296296296 0.46600182291666664 0.3067888888888889 0.46281875 0.3067888888888889 0.45914635416666666 0.3098351851851852 0.4562083333333333 0.3133171296296296 0.45522890625 0.31723379629629633 0.4562083333333333 0.3363833333333333 0.4532703125 0.3542268518518519 0.4549841145833333 0.35814351851851856 0.4589015625 0.36162546296296294
2 0.6957518229166666 0.26390925925925923 0.6961041666666666 0.25283379629629626 0.6951247395833333 0.24412962962962964 0.6914520833333333 0.2415185185185185 0.6868002604166666 0.24021296296296296 0.6828828125 0.24108333333333334 0.6784757812500001 0.24500000000000002 0.6782309895833334 0.2654550925925926 0.67406875 0.28460416666666666 0.6760273437500001 0.2906972222222222 0.6811690104166667 0.2946143518518518 0.6894934895833333 0.29504953703703707 0.6961041666666666 0.292437962962963 0.6987973958333333 0.28634537037037033
2 0.78113828125 0.47556435185185186 0.7818776041666666 0.4623263888888889 0.7816328124999999 0.45449259259259256 0.7774705729166667 0.44839953703703705 0.77281875 0.44578842592592594 0.7657184895833333 0.4444828703703704 0.7608216145833333 0.44752916666666664 0.7591078125 0.4523166666666667 0.7571489583333334 0.47320694444444444 0.7507833333333332 0.49322638888888887 0.7534765625 0.5032361111111111 0.7583731770833333 0.5088939814814815 0.7640044270833334 0.5132462962962964 0.7730635416666666 0.5132462962962964 0.7789395833333334 0.510199537037037 0.7833466145833333 0.5023657407407407