1 0.2482643234375 0.5617245361111111 0.43402734374999996 0.5617245361111111 0.43402734374999996 0.3564791666666667 0.2482643234375 0.3564791666666667 0.2482643234375 0.5617245361111111
1 0.29253515625 0.763886575 0.5303815109375 0.763886575 0.5303815109375 0.4799375 0.29253515625 0.4799375 0.29253515625 0.763886575
1 0.44878645781250004 0.6080231472222222 0.6519114578125 0.6080231472222222 0.6519114578125 0.3626527777777778 0.44878645781250004 0.3626527777777778 0.44878645781250004 0.6080231472222222
1 0.5546861984375 0.790125 0.8220481765625 0.790125 0.8220481765625 0.48456944444444444 0.5546861984375 0.48456944444444444 0.5546861984375 0.790125
1 0.66840234375 0.598761575 0.8932278640625 0.598761575 0.8932278640625 0.3611087972222222 0.66840234375 0.3611087972222222 0.66840234375 0.598761575
1 0.8324648437500001 0.8425949083333333 0.9999986984375001 0.8425949083333333 0.9999986984375001 0.5246921305555555 0.8324648437500001 0.5246921305555555 0.8324648437500001 0.8425949083333333
2 0.33630338593750003 0.370111575 0.33287187500000004 0.3692981472222222 0.3301265625 0.3705185194444444 0.32715234375 0.37255185277777775 0.32555078125 0.377025925 0.32715234375 0.3884138888888889 0.32669479218749997 0.4010222222222222 0.3292114578125 0.4050893527777778 0.33332942656250003 0.4063092583333333 0.33767604218749997 0.40549583333333333 0.3413364578125 0.4022421305555555 0.3445393234375 0.3993953694444444 0.3388200515625 0.3831268527777778 0.33767604218749997 0.3729587972222222 0.33630338593750003 0.370111575
2 0.40107057343749997 0.5072814805555556 0.39842656249999997 0.5098125 0.39720625 0.5155976861111111 0.39903671875 0.5315069444444445 0.39700286406249996 0.5456078694444445 0.40025703124999995 0.5499467583333333 0.4055450515625 0.5521162027777777 0.4106296875 0.5510314805555555 0.41510416718750004 0.548138888888889 0.4171377609375 0.5445231472222223 0.41774791718750004 0.5383763888888888 0.41307031250000004 0.5264449083333334 0.41185 0.5098125 0.4090026046875 0.5065583333333333 0.40493489531250004 0.5054736111111111 0.40107057343749997 0.5072814805555556
2 0.5391674484375 0.408211575 0.5403877609375 0.41291203611111116 0.5444554687500001 0.41616620277777777 0.5485231765624999 0.417974075 0.552590625 0.4158046305555555 0.55564140625 0.41110416666666666 0.5540143234375 0.3991722222222222 0.5542177078125 0.3843481472222222 0.5534041671875001 0.3810939805555556 0.5513705734375 0.3792861111111111 0.5489299484375 0.3785629638888889 0.5452690109375 0.3792861111111111 0.5424216140625 0.383625 0.5424216140625 0.3944722222222222 0.5391674484375 0.408211575
2 0.6770609375000001 0.5611555555555555 0.6799083328125 0.5665791666666666 0.6841794265625001 0.5712791666666667 0.6902807296875 0.5727254638888889 0.6947552078125 0.5705560194444445 0.69861953125 0.567663888888889 0.6996364578125001 0.563686575 0.6978059890625 0.548138888888889 0.69983984375 0.5318685194444445 0.6969924484375001 0.5260833333333333 0.6939416671874999 0.5239138888888889 0.6894671875 0.5224675916666667 0.6858065109375 0.5235523138888889 0.6833658859375 0.5275296305555556 0.6815354171875 0.543438425 0.6770609375000001 0.5557319444444444 0.6770609375000001 0.5611555555555555
2 0.7862773437499999 0.3810939805555556 0.7830234375 0.38217870277777777 0.7807861984375 0.38543286944444444 0.7783455734375 0.3998953694444444 0.7728541671875 0.41110416666666666 0.7732609375 0.41327361111111116 0.7761083328125 0.417974075 0.7783455734375 0.4215898138888889 0.7838369796875 0.42375925833333333 0.78749765625 0.4233976861111111 0.7907518234375 0.42122824166666667 0.7929890625 0.417250925 0.7921755203124999 0.40314953611111115 0.7950229171875 0.3890486111111111 0.7935992187500001 0.3850712972222222 0.7903450515625 0.3829018527777777 0.7864807296875 0.3818171305555556 0.7862773437499999 0.3810939805555556