1 0.8346354166666666 0.5825648148148148 0.2751744791666667 0.30709722222222224
1 0.9140625 0.4367314814814815 0.171875 0.1975324074074074
1 0.6549479166666666 0.45061574074074073 0.2074661458333333 0.24074074074074073
1 0.5525182291666667 0.5879629629629629 0.25607552083333335 0.2777777777777778
1 0.4314244791666667 0.46296296296296297 0.2065963541666667 0.23456944444444444
1 0.2743046875 0.6010787037037036 0.26909635416666666 0.2885787037037037
1 0.20703125 0.4367314814814815 0.2196171875 0.22839351851851852
1 0.0703125 0.5925925925925926 0.140625 0.3086435185185185
2 0.20508151041666667 0.34741666666666665 0.21147161458333336 0.36141898148148144 0.20939114583333335 0.36564583333333334 0.20597317708333335 0.3690805555555556 0.20181197916666666 0.3719865740740741 0.19883984375 0.3725152777777778 0.19304401041666666 0.3704013888888889 0.19111223958333332 0.3690805555555556 0.19170651041666667 0.3537574074074074 0.18932890625 0.3421324074074074 0.18903151041666666 0.33790555555555557 0.19126067708333333 0.33447083333333333 0.19482734375 0.33262175925925924 0.19779947916666665 0.3315648148148148 0.20151484375 0.3334143518518518 0.20300078125 0.3357921296296296
2 0.6518023437499999 0.35956944444444444 0.6561119791666666 0.34583148148148146 0.6573007812499999 0.3357921296296296 0.6590841145833333 0.33262175925925924 0.6614619791666667 0.3305078703703704 0.6650286458333333 0.33103657407407405 0.6685953125 0.3334143518518518 0.6699325520833334 0.3373773148148148 0.6680007812500001 0.34979444444444446 0.6687437500000001 0.3651175925925926 0.6671091145833333 0.36802361111111115 0.6635424479166667 0.3693449074074074 0.6599757812499999 0.3693449074074074 0.6565578124999999 0.3677597222222222 0.6529911458333333 0.364325
2 0.8374158854166667 0.4673611111111111 0.8414283854166666 0.45362314814814814 0.8435088541666667 0.45045277777777776 0.8472239583333334 0.45018842592592595 0.8509393229166666 0.45071666666666665 0.8542088541666666 0.4530944444444444 0.85807265625 0.4570574074074074 0.8586669270833334 0.4615486111111111 0.8565864583333334 0.4715884259259259 0.8556947916666666 0.47740046296296296 0.85539765625 0.4966865740740741 0.8516822916666666 0.4990643518518519 0.848115625 0.4993287037037037 0.8429143229166667 0.4990643518518519 0.8390505208333334 0.49721527777777774 0.83444375 0.49272361111111107 0.8305796875 0.4871759259259259 0.8293908854166666 0.48321296296296296