1 0.6753515625000001 0.9132129638888888 0.9286067703124999 0.9132129638888888 0.9286067703124999 0.6267314805555556 0.6753515625000001 0.6267314805555556 0.6753515625000001 0.9132129638888888
1 0.4557356765625 0.9889537027777777 0.6879518234375 0.9889537027777777 0.6879518234375 0.6792037027777778 0.4557356765625 0.6792037027777778 0.4557356765625 0.9889537027777777
1 0.4166731765625 0.7098472222222222 0.6003684890625001 0.7098472222222222 0.6003684890625001 0.4724120361111111 0.4166731765625 0.4724120361111111 0.4166731765625 0.7098472222222222
1 0.26736458281250003 0.7925949083333332 0.4417708328125 0.7925949083333332 0.4417708328125 0.5542013888888888 0.26736458281250003 0.5542013888888888 0.26736458281250003 0.7925949083333332
1 0.2612890625 0.5822152777777778 0.4141536453125 0.5822152777777778 0.4141536453125 0.4060532416666667 0.2612890625 0.4060532416666667 0.2612890625 0.5822152777777778
1 0.12066406249999999 0.6677662027777778 0.26423697968750004 0.6677662027777778 0.26423697968750004 0.4585208333333333 0.12066406249999999 0.4585208333333333 0.12066406249999999 0.6677662027777778
1 0.14757421875 0.48683796388888884 0.27370703125 0.48683796388888884 0.27370703125 0.3180879638888889 0.14757421875 0.3180879638888889 0.14757421875 0.48683796388888884
1 0.0000013015624999999999 0.5513564805555556 0.13889453125 0.5513564805555556 0.13889453125 0.3659305555555556 0.0000013015624999999999 0.3659305555555556 0.0000013015624999999999 0.5513564805555556
1 0.03462890625 0.41250463055555553 0.15538671875 0.41250463055555553 0.15538671875 0.25944907500000003 0.03462890625 0.25944907500000003 0.03462890625 0.41250463055555553
1 0 0.3548564805555556 0.06541145781249999 0.3548564805555556 0.06541145781249999 0.21240277777777777 0 0.21240277777777777 0 0.3548564805555556
2 0.00552734375 0.237275925 0.0085872390625 0.23499490833333334 0.01075859375 0.23253888888888888 0.0106598953125 0.22938055555555556 0.00611953125 0.22394166666666668 0.004145573437499999 0.217800925 0.0030598953125000002 0.21446759166666665 0.0013817703125 0.212888425 0 0.21359027777777778 0.00039479218749999994 0.23657407500000002 0.00148046875 0.23885509166666666 0.00552734375 0.237275925
2 0.0957450515625 0.29173425833333333 0.09732421875 0.2896287027777778 0.0980151046875 0.28576898055555555 0.0971268234375 0.28243518611111107 0.0939682296875 0.27734722222222224 0.091796875 0.2719083333333333 0.0908098953125 0.2692768527777778 0.08952656249999999 0.2680486111111111 0.08755260468750001 0.2676976861111111 0.0847890625 0.2678731472222222 0.08261744843749999 0.2683995361111111 0.0809395828125 0.2705046305555555 0.0808408859375 0.2729611111111111 0.0835057296875 0.28261064722222223 0.0843940109375 0.2910324083333333 0.0854799484375 0.2943657416666667 0.08755260468750001 0.2950675916666667 0.08947682343749999 0.295575 0.0928825515625 0.2941902777777778 0.0957450515625 0.29173425833333333
2 0.0581786453125 0.4139055555555556 0.060547656250000005 0.4105722222222222 0.0626203125 0.4077648138888889 0.0639033859375 0.4044314805555556 0.0636072921875 0.4021504638888889 0.058079948437499994 0.3947819444444444 0.056204687499999996 0.39127268611111116 0.0535395828125 0.3861847222222222 0.051960417187499996 0.38337777777777776 0.0496903640625 0.38214953611111113 0.047420051562499996 0.38320231388888887 0.0450513015625 0.38460555555555553 0.0429783859375 0.38723749999999996 0.04199140625 0.3914481472222222 0.0423861984375 0.3951328694444445 0.044064323437500004 0.39916805555555557 0.0465317703125 0.4028523138888889 0.0471239578125 0.40794027777777775 0.0488018234375 0.4130287027777778 0.0502825515625 0.4153092583333334 0.052339843750000004 0.4160351861111111 0.05541510468750001 0.4156601861111111 0.0581786453125 0.4139055555555556
2 0.2015700515625 0.35948518611111113 0.2044322921875 0.35737963055555555 0.2064065109375 0.35545 0.20788697968749997 0.35351990833333335 0.20838046875 0.3507129638888889 0.2069986984375 0.3472037027777778 0.20502447968749998 0.34404583333333333 0.20384010468749997 0.3407120361111111 0.2023596359375 0.33474675833333334 0.20127395781250002 0.3315888888888889 0.2001880203125 0.3296587972222222 0.1978192703125 0.32895694444444445 0.19564791718750002 0.32860601944444445 0.1934763015625 0.32948333333333335 0.19160104218750001 0.3315888888888889 0.1900216140625 0.33439583333333334 0.19120625 0.33913333333333334 0.1933776046875 0.3459754638888889 0.1939697921875 0.3484319444444445 0.1946606765625 0.35422175833333336 0.1960013015625 0.35889398055555555 0.1983127609375 0.36036250000000003 0.2015700515625 0.35948518611111113
2 0.5102111984375 0.5428194444444444 0.5124138015625 0.5399189805555555 0.5136375 0.5362935194444444 0.5137192703125 0.5338282416666666 0.5120875 0.5248370361111111 0.5124138015625 0.515700925 0.5123322921875 0.5117856472222222 0.5115164062499999 0.5088851861111111 0.5096401046875 0.5067097222222222 0.50751875 0.5054046305555555 0.5045002609375 0.5052597222222222 0.5026239578125 0.506564813888889 0.5010736984374999 0.509175 0.50042109375 0.5133805555555556 0.5003395828125 0.5207768527777777 0.4999315109375 0.5226620361111111 0.49838151093749994 0.5271574083333334 0.49772890625 0.5297675916666666 0.497565625 0.5332481472222222 0.4982182296875 0.5358587972222222 0.49944218749999997 0.5389041666666667 0.502890625 0.5430097222222222 0.5071924484375 0.5433995361111111 0.5102111984375 0.5428194444444444
2 0.5659729171875 0.7965578694444444 0.56939921875 0.7959777777777778 0.5720916671875 0.7939472222222222 0.5742127609375001 0.7911921305555555 0.5760890625 0.7871314805555555 0.5765786453125 0.7837962972222223 0.57625234375 0.7795907416666666 0.5754364578125 0.7753851861111111 0.5744575515625 0.7724847222222222 0.5752731765625 0.7640736111111112 0.5753549484375 0.7605930555555555 0.5745390625 0.7565328694444444 0.5736416671875 0.7530523138888889 0.57168359375 0.7498620361111111 0.5690729171875 0.7479763888888888 0.56654375 0.7475416666666667 0.5648307296875 0.747686575 0.5627911453125 0.7488467583333334 0.56132265625 0.7516018527777777 0.5601804687499999 0.7547925916666666 0.559609375 0.762188425 0.5586302078125 0.7653787027777779 0.5578960937499999 0.7675541666666666 0.5568354171875 0.7708893527777778 0.5559380203125001 0.7746601861111111 0.5559380203125001 0.7794453694444444 0.5561828125 0.7833611111111111 0.5569986984375 0.7869865749999999 0.558875 0.7906120361111112 0.5610510421875 0.7936819444444445 0.5633622390624999 0.7955425916666666 0.5659729171875 0.7965578694444444