1 0.0355143234375 0.717247686111111 0.2258971359375 0.717247686111111 0.2258971359375 0.5225208333333333 0.0355143234375 0.5225208333333333 0.0355143234375 0.717247686111111
1 0.1760260421875 0.5902916666666667 0.326125 0.5902916666666667 0.326125 0.43239351944444443 0.1760260421875 0.43239351944444443 0.1760260421875 0.5902916666666667
1 0.237015625 0.6942430555555555 0.40308333281250003 0.6942430555555555 0.40308333281250003 0.5083402777777778 0.237015625 0.5083402777777778 0.237015625 0.6942430555555555
1 0.3417552078125 0.5774004638888889 0.47817187499999997 0.5774004638888889 0.47817187499999997 0.42370138888888886 0.3417552078125 0.42370138888888886 0.3417552078125 0.5774004638888889
1 0.42153124999999997 0.667261575 0.5710729171875 0.667261575 0.5710729171875 0.48958101944444443 0.42153124999999997 0.48958101944444443 0.42153124999999997 0.667261575
1 0.48921223906250005 0.5545763888888889 0.6155169265625 0.5545763888888889 0.6155169265625 0.4127199083333334 0.48921223906250005 0.4127199083333334 0.48921223906250005 0.5545763888888889
1 0.5826276046875 0.6464699083333333 0.7238203125 0.6464699083333333 0.7238203125 0.4776875 0.5826276046875 0.4776875 0.5826276046875 0.6464699083333333
1 0.6232877609374999 0.5077847222222223 0.7437643234375 0.5077847222222223 0.7437643234375 0.403113425 0.6232877609374999 0.403113425 0.6232877609374999 0.5077847222222223
1 0.7452695312500001 0.48699536944444444 0.8654023437499999 0.48699536944444444 0.8654023437499999 0.393050925 0.7452695312500001 0.393050925 0.7452695312500001 0.48699536944444444
1 0.7277708328125 0.623375 0.8614270828124999 0.623375 0.8614270828124999 0.46121759166666665 0.7277708328125 0.46121759166666665 0.7277708328125 0.623375
2 0.8160830734375001 0.4139236111111111 0.816721875 0.4058129638888889 0.818090625 0.4007842583333333 0.8183643234375 0.3981888888888889 0.8174518234375 0.39543148055555555 0.8156265625 0.3931601861111111 0.8133453125000001 0.39202499999999996 0.8117940109375 0.3928361111111111 0.8097861984374999 0.39380925833333336 0.8081437499999999 0.4014333333333333 0.8052234374999999 0.406461575 0.8047671875000001 0.4095439805555556 0.80577109375 0.4121393527777778 0.8094888015624999 0.41588194444444443 0.8129802078124999 0.41635694444444443 0.8160830734375001 0.4139236111111111
2 0.8059955734375001 0.4941277777777778 0.8078208328125 0.4926675916666667 0.8088244796874999 0.4830972222222222 0.8104671874999999 0.47595972222222216 0.8108322921875001 0.4730402777777778 0.8093721359374999 0.47012036944444446 0.80718203125 0.4684981472222222 0.8044442703125 0.4672004638888889 0.8016153640624999 0.4683361111111111 0.8003377609375001 0.4704449083333333 0.7993338546875 0.4767708333333333 0.79568359375 0.4824486111111111 0.7949536453125 0.48520601944444447 0.7954098953125001 0.488125925 0.7966875 0.4902347222222222 0.7993489578124999 0.4935208333333333 0.8027104171874999 0.49477638888888886 0.8059955734375001 0.4941277777777778
2 0.6925567703125 0.427374075 0.694290625 0.4255898138888889 0.6941080734375 0.41975046388888887 0.6934692703125 0.4171546305555556 0.6941994796875 0.413261575 0.6945645828125 0.4100175916666667 0.6934692703125 0.40742222222222224 0.6912791671875 0.4054754638888889 0.6886328125000001 0.40401574166666665 0.6866252609375 0.4058 0.68580390625 0.40855740833333337 0.68525625 0.4129375 0.6846174484375 0.41601944444444444 0.6838875 0.41796574166666667 0.68288359375 0.42023703611111113 0.6827924484375 0.42348101944444444 0.6838875 0.42591435277777784 0.68640390625 0.42801851944444447 0.6891804687499999 0.42899629722222227 0.6925567703125 0.427374075
2 0.6619453125 0.5107421305555555 0.6632229171875 0.5078222222222222 0.6626752609375 0.5008472222222222 0.6636791671875 0.4954944444444444 0.6640440109375 0.4914388888888889 0.6628578125 0.48803240833333333 0.6605763015624999 0.485761575 0.6576562499999999 0.4851125 0.65619609375 0.4859236111111111 0.6549184890624999 0.48738379722222225 0.6539145828125 0.4904657416666667 0.6536408859375 0.49533194444444445 0.6524546875 0.4980898138888889 0.650446875 0.5013337972222222 0.650446875 0.5053893527777777 0.65190703125 0.5091199083333333 0.6537322921875 0.5115532416666666 0.6555825515625 0.5129754638888889 0.65911640625 0.5123643527777778 0.6619453125 0.5107421305555555
2 0.5582703125 0.4390611111111111 0.5599130203125 0.4372768527777778 0.5599130203125 0.43597916666666664 0.5590005203125 0.42932824166666667 0.5594567703125 0.4225152777777778 0.5595479171875 0.41927129722222223 0.5587265625 0.41716250000000005 0.5569927078125 0.4153777777777778 0.5551677078125 0.4147291666666667 0.55361640625 0.41586481388888885 0.5518825515625 0.41748657499999997 0.55124375 0.4218666666666667 0.5510611984375 0.4265708333333333 0.5503309890625 0.42965277777777783 0.54932734375 0.43354583333333335 0.5492359375 0.43597916666666664 0.5503309890625 0.4369523138888889 0.5523388015624999 0.43922314722222217 0.5541833328125 0.4399768527777778 0.5559890625 0.4403587972222222 0.5582703125 0.4390611111111111
2 0.5023013015625 0.5266412027777778 0.5036700515625 0.5233972222222222 0.5038526046875 0.5203152777777778 0.5028486984375 0.5162597222222222 0.5019361984375 0.514150925 0.5019361984375 0.5086356472222222 0.5022098953125 0.5049050916666666 0.50202734375 0.5021472222222222 0.4995635421875 0.4998763888888889 0.49636953124999994 0.4992273138888889 0.4941794265625 0.5006875 0.49290182343750005 0.5031203694444445 0.492628125 0.5081490750000001 0.4924455734375 0.514313425 0.4908028640625 0.5173953694444445 0.49043776093749997 0.521126388888889 0.49125911406249995 0.5243703694444445 0.492628125 0.5276148138888889 0.49625520781250004 0.529574075 0.49974609374999995 0.528425925 0.5023013015625 0.5266412027777778
2 0.41571953125 0.4501976861111111 0.4160846359375 0.4471157416666667 0.41407682343749996 0.43997824166666666 0.413803125 0.43267870277777776 0.41389427031250003 0.4300833333333334 0.41234296875 0.42846157500000004 0.4102440109375 0.4279745361111111 0.40796276093749995 0.42829907500000003 0.40650260468750005 0.42975925833333334 0.4055901046875 0.43235463055555556 0.4058638015625 0.43608518611111113 0.4060463546875 0.4409518527777778 0.405225 0.44484490833333334 0.40476875 0.4490625 0.4055901046875 0.45165786944444447 0.40705026093749996 0.4534421305555556 0.40981458281250005 0.45425509166666667 0.4130731765625 0.4536041666666667 0.41571953125 0.4501976861111111
2 0.323196875 0.5490935194444444 0.32556953125 0.546011575 0.3262994796875 0.5430916666666666 0.32556953125 0.539685186111111 0.323196875 0.5349810194444444 0.3230143234375 0.5302768527777778 0.3222841140625 0.5258972222222222 0.3215541671875 0.5218421305555556 0.3200940109375 0.5202199083333333 0.3176302078125 0.5198953694444444 0.31553125 0.5200578694444444 0.3133411453125 0.5226532416666667 0.31215468749999997 0.5255726861111111 0.31270234375 0.5310879638888889 0.31270234375 0.5364412027777777 0.3126109375 0.5401722222222222 0.3120635421875 0.5437407416666666 0.3126109375 0.5468226861111111 0.31407109375000003 0.5489314805555555 0.3175513015625 0.5511703694444444 0.3205502609375 0.5507157416666667 0.323196875 0.5490935194444444
2 0.25373203125 0.46292638888888893 0.2559221359375 0.4591953694444445 0.2562872390625 0.45627546388888884 0.2533669265625 0.4488138888888889 0.252728125 0.4445962972222222 0.25190677031250003 0.44054120277777775 0.2509942703125 0.4381078694444444 0.24853046875 0.4363236111111111 0.2455190109375 0.4363236111111111 0.24369375 0.43859444444444445 0.24223359375000003 0.443136575 0.24278125 0.4473537027777778 0.24351119843750002 0.4523824083333333 0.2432375 0.45692453611111106 0.24314635468749998 0.46081759166666664 0.24396744843749998 0.463250925 0.2478768234375 0.46460694444444445 0.2507205734375 0.46471064722222216 0.25373203125 0.46292638888888893
2 0.1311903640625 0.5661087972222223 0.1337455734375 0.5631893527777778 0.1355708328125 0.5597828694444444 0.1357533859375 0.5558893527777778 0.1342932296875 0.5521587972222222 0.1312817703125 0.5482657416666666 0.12982161406249998 0.5432370361111112 0.1290916671875 0.5395060194444444 0.1274489578125 0.5367486111111112 0.1245286453125 0.535775 0.1214260421875 0.5369106472222223 0.1188708328125 0.5386949083333333 0.11668072968750001 0.5404791666666666 0.1155856765625 0.5427504638888888 0.11604192656250001 0.5468055555555555 0.11668072968750001 0.5510231472222222 0.11804947968749999 0.5550787027777777 0.11877968750000001 0.557674075 0.11859713593750001 0.5607560194444444 0.11905338593749999 0.564 0.12033098906249999 0.5669199083333334 0.1227036453125 0.5690287027777778 0.1241638015625 0.5703263888888889 0.12754010468750002 0.5690287027777778 0.1311903640625 0.5661087972222223