1 0.28400781249999996 0.6214166666666666 0.19270833333333334 0.23919907407407406
1 0.4014765625 0.48588888888888887 0.1605911458333333 0.20216203703703706
1 0.48713281249999996 0.641699074074074 0.19270833333333334 0.2376527777777778
1 0.5798619791666667 0.5033611111111111 0.1631953125 0.209875
1 0.6919661458333334 0.6525046296296296 0.19010416666666666 0.24691203703703707
1 0.7556432291666667 0.5128425925925926 0.1710078125 0.20216203703703706
1 0.8883671875 0.6712453703703705 0.1840286458333333 0.24537037037037038
1 0.9231770833333334 0.51725 0.15364583333333334 0.19135648148148146
2 0.27005208333333336 0.5564814814814815 0.26979166666666665 0.5643518518518519 0.27369791666666665 0.5842592592592593 0.27838541666666666 0.5879629629629629 0.28567708333333336 0.5861111111111111 0.2875 0.5810185185185185 0.2875 0.5740740740740741 0.28046875 0.5537037037037037 0.275 0.5518518518518518
2 0.39375 0.4212962962962963 0.3932291666666667 0.4393518518518518 0.39401041666666664 0.4449074074074074 0.39739583333333334 0.45 0.40130208333333334 0.45046296296296295 0.40390625 0.4486111111111111 0.40598958333333335 0.44351851851851853 0.40625 0.4388888888888889 0.40286458333333336 0.4203703703703704 0.40130208333333334 0.41759259259259257 0.396875 0.41712962962962963
2 0.4791666666666667 0.5925925925925926 0.47890625 0.6 0.48072916666666665 0.6060185185185185 0.4861979166666667 0.6078703703703704 0.4908854166666667 0.6060185185185185 0.49244791666666665 0.6023148148148149 0.49270833333333336 0.5935185185185186 0.4903645833333333 0.5745370370370371 0.4864583333333333 0.5712962962962963 0.4822916666666667 0.5726851851851852 0.48020833333333335 0.5787037037037037
2 0.5859515625 0.46613796296296295 0.5889153645833333 0.46243842592592593 0.58992421875 0.4595236111111111 0.5889153645833333 0.45178842592592594 0.5897348958333333 0.4409138888888889 0.5887260416666666 0.437887037037037 0.5876541666666667 0.4360935185185185 0.5857622395833334 0.43474814814814816 0.5841856770833334 0.4346361111111111 0.5818526041666666 0.4353087962962963 0.58078046875 0.43676620370370367 0.5802760416666667 0.4381111111111111 0.5799606770833333 0.44248333333333334 0.5796455729166666 0.4452861111111111 0.5784473958333333 0.4492097222222222 0.5767447916666666 0.45391805555555553 0.5763033854166667 0.45728148148148146 0.5769338541666666 0.45974768518518516 0.5782580729166666 0.4626625 0.5802760416666667 0.4647925925925926 0.5827984374999999 0.46625
2 0.7040981770833333 0.5829842592592593 0.7060817708333332 0.5853819444444445 0.7075098958333333 0.5882032407407407 0.7082242187500001 0.5904601851851852 0.7083033854166667 0.5937041666666667 0.7075893229166667 0.5966666666666667 0.7067958333333333 0.5989236111111111 0.7060026041666667 0.6025907407407407 0.7064786458333334 0.6107722222222223 0.7047330729166668 0.6140162037037038 0.7015591145833333 0.617825 0.6975127604166667 0.6176837962962962 0.6941802083333334 0.6159912037037036 0.6907684895833334 0.6110541666666667 0.6902130208333334 0.6083740740740741 0.6902130208333334 0.6038601851851851 0.6907684895833334 0.5990643518518519 0.6917205729166667 0.5963842592592593 0.6941802083333334 0.5934222222222222 0.6973539062499999 0.5843944444444444 0.69917890625 0.5817148148148148 0.7017971354166667 0.5818555555555556
2 0.7713817708333334 0.46280462962962965 0.77352421875 0.456175 0.7742382812499999 0.45222546296296295 0.7736036458333333 0.4495453703703704 0.7716992187499999 0.44672407407407405 0.76916015625 0.4447490740740741 0.76630390625 0.44446712962962964 0.7647169270833333 0.4448902777777778 0.76376484375 0.4477115740740741 0.7614638020833334 0.4540587962962963 0.7609085937500001 0.45589259259259257 0.7577346354166666 0.45927824074074075 0.7567033854166667 0.46167592592592593 0.7561479166666667 0.4642148148148148 0.7563065104166667 0.4664717592592592 0.7578140624999999 0.4697162037037037 0.7597182291666668 0.4726782407407408 0.76233671875 0.4749351851851851 0.7636854166666667 0.47564074074074075 0.7663833333333333 0.4760638888888889 0.7693981770833334 0.4742300925925926 0.7704296875 0.4726782407407408 0.7710645833333333 0.4671773148148148
2 0.9190408854166667 0.6241722222222222 0.9250710937500001 0.6150037037037036 0.9255471354166667 0.6106310185185185 0.92435703125 0.6072458333333334 0.9226908854166667 0.6041425925925926 0.9198343750000001 0.6013212962962963 0.9180888020833333 0.5999106481481482 0.913725 0.5996287037037037 0.90991640625 0.6068226851851852 0.9086468750000001 0.6080921296296297 0.9015854166666667 0.6145805555555555 0.90055390625 0.6168374999999999 0.9006330729166667 0.6199407407407407 0.9023786458333334 0.6258652777777778 0.9043622395833334 0.6300967592592592 0.90721875 0.6337643518518519 0.9105513020833332 0.635175 0.9142010416666667 0.6348925925925926 0.9160260416666667 0.6326356481481481
2 0.9551424479166666 0.4760638888888889 0.9599825520833334 0.4677412037037037 0.9610140625 0.4653435185185185 0.9606966145833333 0.4632277777777778 0.9595065104166667 0.4605476851851852 0.958078125 0.4584319444444444 0.9560153645833334 0.45645694444444446 0.9537143229166667 0.45561064814814817 0.9512546875000001 0.45561064814814817 0.9497471354166667 0.4560337962962963 0.9464145833333333 0.46195833333333336 0.9448278645833333 0.46435601851851854 0.9403846354166667 0.4660486111111111 0.93895625 0.46985740740740745 0.9386390625 0.4726782407407408 0.93879765625 0.47507638888888887 0.93951171875 0.4783203703703704 0.94093984375 0.4812828703703703 0.9431614583333333 0.48368055555555556 0.9457005208333332 0.4853736111111111 0.9477635416666667 0.4866430555555555 0.9504611979166667 0.4866430555555555 0.9527622395833333 0.4853736111111111 0.9545078124999999 0.48452685185185185