1 0.6970481765625001 0.736113425 0.9722226562499999 0.736113425 0.9722226562499999 0.42901620277777774 0.6970481765625001 0.42901620277777774 0.6970481765625001 0.736113425
1 1 0.3379652777777778 0.828125 0.3379652777777778 0.828125 0.5354976861111111 1 0.5354976861111111 1 0.3379652777777778
1 0.55121484375 0.5709861111111111 0.7586809890625 0.5709861111111111 0.7586809890625 0.33024536944444444 0.55121484375 0.33024536944444444 0.55121484375 0.5709861111111111
1 0.42448046875 0.7268518527777779 0.6805559890625 0.7268518527777779 0.6805559890625 0.44907407499999996 0.42448046875 0.44907407499999996 0.42448046875 0.7268518527777779
1 0.3281263015625 0.5802476861111111 0.53472265625 0.5802476861111111 0.53472265625 0.34567824166666666 0.3281263015625 0.34567824166666666 0.3281263015625 0.5802476861111111
1 0.1397565109375 0.7453680555555555 0.40885286406250004 0.7453680555555555 0.40885286406250004 0.45678935277777777 0.1397565109375 0.45678935277777777 0.1397565109375 0.7453680555555555
1 0.09722265625 0.5509282416666667 0.31683984375 0.5509282416666667 0.31683984375 0.32253472222222224 0.09722265625 0.32253472222222224 0.09722265625 0.5509282416666667
1 0 0.7469143527777777 0.140625 0.7469143527777777 0.140625 0.43827083333333333 0 0.43827083333333333 0 0.7469143527777777
2 0.20300078125 0.33579213055555557 0.20151484375 0.33341435277777776 0.1977994796875 0.33156481388888887 0.19482734375 0.3326217583333333 0.1912606765625 0.33447083333333333 0.18903151093749998 0.33790555555555557 0.18932890625 0.3421324083333333 0.1917065109375 0.3537574083333333 0.1911122390625 0.3690805555555556 0.1930440109375 0.3704013888888889 0.19883984375 0.3725152777777778 0.20181197968750003 0.371986575 0.2059731765625 0.3690805555555556 0.2093911453125 0.36564583333333334 0.2114716140625 0.3614189805555556 0.2050815109375 0.34741666666666665 0.20300078125 0.33579213055555557
2 0.6529911453125 0.364325 0.6565578125 0.3677597222222222 0.65997578125 0.36934490833333333 0.6635424484375 0.36934490833333333 0.6671091140625001 0.3680236111111111 0.66874375 0.36511759166666663 0.6680007812500001 0.34979444444444446 0.6699325515625 0.33737731388888886 0.6685953125 0.33341435277777776 0.6650286453125 0.331036575 0.6614619796875 0.33050786944444444 0.6590841140625 0.3326217583333333 0.65730078125 0.33579213055555557 0.6561119796875 0.3458314805555555 0.65180234375 0.35956944444444444 0.6529911453125 0.364325
2 0.8293908859375 0.4832129638888889 0.8305796875 0.48717592499999995 0.8344437499999999 0.4927236111111111 0.8390505203125 0.4972152777777778 0.8429143234375 0.4990643527777777 0.8481156249999999 0.49932870277777774 0.8516822921875 0.4990643527777777 0.8553976562500001 0.49668657499999996 0.8556947921875 0.4774004638888889 0.8565864578125 0.471588425 0.8586669265625 0.4615486111111111 0.8580726562500001 0.45705740833333336 0.8542088546875 0.45309444444444447 0.8509393234375 0.4507166666666667 0.8472239578125 0.450188425 0.8435088546875 0.4504527777777778 0.8414283859375 0.45362314722222224 0.8374158859374999 0.4673611111111111 0.8293908859375 0.4832129638888889