1 0 0.6743842583333334 0.1822916671875 0.6743842583333334 0.1822916671875 0.3966064805555556 0 0.3966064805555556 0 0.6743842583333334
1 0.17779817656250002 0.5141643527777777 0.36876953125 0.5141643527777777 0.36876953125 0.30274305555555553 0.17779817656250002 0.30274305555555553 0.17779817656250002 0.5141643527777777
1 0.1805559890625 0.7746898138888889 0.41145963593749996 0.7746898138888889 0.41145963593749996 0.4691342583333333 0.1805559890625 0.4691342583333333 0.1805559890625 0.7746898138888889
1 0.3807669265625 0.6278101861111111 0.6055924484374999 0.6278101861111111 0.6055924484374999 0.3824398138888889 0.3807669265625 0.3824398138888889 0.3807669265625 0.6278101861111111
1 0.42708463593749996 0.9231134249999999 0.71441015625 0.9231134249999999 0.71441015625 0.5650902777777778 0.42708463593749996 0.5650902777777778 0.42708463593749996 0.9231134249999999
1 0.6232044265625001 0.7971203694444444 0.9053216140625 0.7971203694444444 0.9053216140625 0.45915740833333335 0.6232044265625001 0.45915740833333335 0.6232044265625001 0.7971203694444444
1 1 0.6944444444444444 0.7378489578125 0.6944444444444444 0.7378489578125 1 1 1 1 0.6944444444444444
2 0.2565104171875 0.338425925 0.25546875 0.3476851861111111 0.2567708328125 0.3546296305555556 0.2619791671875 0.36018518611111106 0.26953125 0.3574074083333333 0.2731770828125 0.3518518527777778 0.2736979171875 0.3486111111111111 0.2703125 0.33611111111111114 0.26796875 0.32083333333333336 0.2627604171875 0.31759259166666665 0.2557291671875 0.32083333333333336 0.2546875 0.325 0.2565104171875 0.338425925
2 0.2736979171875 0.514814813888889 0.2734375 0.5282407416666667 0.275 0.5356481472222222 0.2828125 0.5416666666666666 0.28958333281250004 0.5379629638888889 0.29348958281250004 0.5305555555555556 0.2942708328125 0.525 0.2932291671875 0.5185185194444444 0.29140625 0.5162037027777778 0.2901041671875 0.511574075 0.2869791671875 0.4935185194444444 0.28463541718749996 0.49074074166666665 0.2796875 0.49027777777777776 0.2747395828125 0.4930555555555556 0.2723958328125 0.49722222222222223 0.2721354171875 0.5032407416666667 0.2736979171875 0.514814813888889
2 0.478125 0.4310185194444444 0.4768716140625 0.4361254638888889 0.4805348953125 0.44353611111111113 0.48723020781250004 0.4453328694444444 0.4917778640625 0.44353611111111113 0.49670442656249997 0.4370236111111111 0.49322916718750004 0.42083333333333334 0.4927083328125 0.4037037027777778 0.49140625 0.40046296388888886 0.48984375 0.39953703611111113 0.48359375 0.399074075 0.48072916718750003 0.40046296388888886 0.47890625 0.40509259166666667 0.47942708281249996 0.4222222222222222 0.478125 0.4310185194444444
2 0.55390625 0.6504629638888889 0.5575520828125 0.6569444444444444 0.5636359375 0.6597212972222222 0.5677218749999999 0.6597212972222222 0.5731770828125 0.6560185194444444 0.5752604171875 0.6518518527777778 0.5773799484375 0.6465138888888889 0.5744083328125 0.6311046305555555 0.57421875 0.6120370361111112 0.5734375 0.6092592583333334 0.5713541671875 0.6055555555555555 0.5674479171875 0.6032407416666666 0.56328125 0.6032407416666666 0.5591145828124999 0.6055555555555555 0.55625 0.6129629638888888 0.5568255203125 0.6234004638888889 0.55546875 0.6347222222222222 0.5533854171875 0.6407407416666666 0.553125 0.6472222222222223 0.55390625 0.6504629638888889
2 0.7492442703125 0.5327078694444445 0.7513492187499999 0.5371106472222222 0.75432109375 0.5404125 0.7587786453125 0.5423935194444444 0.7644744796875 0.5419532416666667 0.76942734375 0.5379912027777778 0.7709130203125001 0.5329282416666666 0.7690104171875001 0.5208333333333334 0.7700520828124999 0.5046296305555555 0.7702940109374999 0.49924861111111113 0.7661458328124999 0.4925925916666667 0.7627604171875 0.4912037027777778 0.7580729171875 0.4912037027777778 0.7552083328125 0.4939814805555556 0.75390625 0.4986111111111111 0.7526041671875 0.5129629638888888 0.74921875 0.522685186111111 0.74775859375 0.5272046305555556 0.7492442703125 0.5327078694444445
2 0.9109375 0.8106481472222222 0.9177083328125001 0.8208333333333333 0.92539921875 0.824663888888889 0.9356291671875001 0.8213842583333333 0.9399895828125 0.8145273138888889 0.9384802078125001 0.7939550916666666 0.9411458328125001 0.7791666666666667 0.9411458328125001 0.7717592583333333 0.9401041671874999 0.7680555555555556 0.9354166671874999 0.7611111111111111 0.92734375 0.7578703694444444 0.921875 0.7592592583333333 0.9200520828125001 0.7620370361111111 0.9180200515625 0.7712962972222223 0.9153645828125001 0.7828703694444444 0.9096354171875 0.7962962972222223 0.909375 0.8018518527777778 0.9109375 0.8106481472222222