1 0.810765625 0.6412037037037037 0.37847135416666666 0.4583333333333333
1 0.7165807291666667 0.37962962962962965 0.2942708333333333 0.2962962962962963
1 0.4813385416666666 0.44907407407407407 0.2803828125 0.37345833333333334
1 0.4578984375 0.22916666666666666 0.2178828125 0.20216203703703706
1 0.2578125 0.31095833333333334 0.203125 0.297837962962963
1 0.2734375 0.14197685185185185 0.17014062500000002 0.1574074074074074
1 0.1297734375 0.08333333333333333 0.1362838541666667 0.15431944444444443
1 0.08290104166666666 0.21296296296296297 0.16579947916666665 0.26543055555555556
2 0.11716145833333333 0.016420370370370373 0.11866744791666667 0.03069861111111111 0.11816536458333333 0.04176435185185185 0.12017317708333333 0.04658333333333334 0.12669895833333333 0.04622638888888889 0.13282317708333333 0.043727777777777775 0.13411458333333334 0.03981481481481482 0.13041354166666666 0.028021296296296298 0.12870703125 0.014456944444444444 0.12589583333333335 0.012672222222222222 0.12291666666666666 0.0125 0.11979166666666667 0.013425925925925926
2 0.06768359374999999 0.09242453703703704 0.06846848958333333 0.0994 0.06964557291666668 0.10777083333333333 0.06895885416666667 0.12032638888888887 0.0701359375 0.1267787037037037 0.07288255208333334 0.12799953703703704 0.08043567708333334 0.1286972222222222 0.08759635416666667 0.12416296296296296 0.08808697916666668 0.12050092592592591 0.08359375 0.10694444444444444 0.08151041666666667 0.0912037037037037 0.07838541666666667 0.08796296296296297 0.07447916666666667 0.08796296296296297 0.07109375 0.08888888888888889
2 0.23619791666666667 0.17222222222222222 0.236484375 0.1783587962962963 0.2375 0.18888888888888888 0.23671197916666667 0.19595185185185185 0.23591562500000002 0.20707407407407405 0.23776041666666667 0.20972222222222223 0.24046562500000002 0.21374722222222223 0.245584375 0.21556712962962962 0.2516130208333333 0.21374722222222223 0.2552083333333333 0.2101851851851852 0.25677083333333334 0.2064814814814815 0.25677083333333334 0.20277777777777778 0.25286458333333334 0.18564814814814815 0.2520833333333333 0.17407407407407408 0.25078125 0.16898148148148148 0.24869791666666666 0.16712962962962963 0.24036458333333333 0.16712962962962963 0.23776041666666667 0.1685185185185185
2 0.25833333333333336 0.07268518518518519 0.25877916666666667 0.08109027777777778 0.25946171875 0.0869550925925926 0.25885416666666666 0.10231481481481482 0.2609375 0.10555555555555556 0.26776536458333333 0.10657037037037037 0.2729979166666666 0.10454814814814815 0.27584166666666665 0.10111018518518518 0.27242916666666667 0.08493287037037038 0.2714052083333333 0.07178842592592592 0.26901041666666664 0.06805555555555555 0.2640625 0.06759259259259259 0.26015625 0.06944444444444445
2 0.4440104166666667 0.14305555555555555 0.44453125 0.16111111111111112 0.44362421875 0.17037962962962963 0.44283385416666665 0.17740555555555557 0.4448098958333333 0.18056759259259259 0.4481690104166667 0.18197268518518517 0.4564684895833333 0.1816212962962963 0.46130989583333337 0.17863518518518517 0.46298958333333334 0.17441990740740743 0.4591145833333333 0.15694444444444444 0.4591145833333333 0.15046296296296297 0.45834583333333334 0.1396412037037037 0.45598958333333334 0.13796296296296295 0.4522200520833334 0.13683055555555554 0.4488606770833333 0.13753333333333334 0.44609375 0.13842592592592592
2 0.4620015625 0.2950907407407407 0.4622395833333333 0.31157407407407406 0.45943255208333333 0.32916666666666666 0.46170494791666666 0.3344361111111111 0.46733671875000005 0.3391787037037037 0.47701953125 0.3377736111111111 0.48255234375 0.33408472222222224 0.4851213541666667 0.3289912037037037 0.48284895833333336 0.31423657407407407 0.48098958333333336 0.3074074074074074 0.48072916666666665 0.2898148148148148 0.4786458333333333 0.28379629629629627 0.47421875 0.2810185185185185 0.46640625 0.2814814814814815 0.4630208333333333 0.2851851851851852 0.4620015625 0.28718657407407405
2 0.7052083333333333 0.24768518518518517 0.7041666666666667 0.2652777777777778 0.6994791666666667 0.2824074074074074 0.6995643229166667 0.2886944444444445 0.7037440104166667 0.2941986111111111 0.7088541666666667 0.29814814814814816 0.7161458333333334 0.29768518518518516 0.7208333333333333 0.29398148148148145 0.7241783854166666 0.29089583333333335 0.7221658854166667 0.26860416666666664 0.7231770833333333 0.25601851851851853 0.72265625 0.24814814814814815 0.7203125 0.2439814814814815 0.7138020833333333 0.2412037037037037 0.70703125 0.24351851851851852
2 0.7986979166666667 0.49074074074074076 0.7981770833333334 0.49444444444444446 0.7997395833333333 0.5013888888888889 0.8060703124999999 0.510512962962963 0.8110239583333333 0.5146412037037037 0.81551328125 0.5154666666666666 0.81953125 0.5152777777777777 0.8244791666666667 0.513425925925926 0.828125 0.5101851851851852 0.8313033854166666 0.5055592592592593 0.8296875 0.4810185185185185 0.8325520833333333 0.4527777777777778 0.8283854166666667 0.44675925925925924 0.8216145833333334 0.4425925925925926 0.8140625 0.44166666666666665 0.8104166666666667 0.4444444444444444 0.8088541666666667 0.44814814814814813 0.8079278645833334 0.4521685185185185 0.8067708333333333 0.4597222222222222 0.8057291666666667 0.4703703703703704