1 0.1319453125 0.3333333333333333 0.2378463541666667 0.21296296296296297
1 0.1688359375 0.5563287037037037 0.28559114583333334 0.36574074074074076
1 0.3897578125 0.38657407407407407 0.2725703125 0.2824074074074074
1 0.4908854166666667 0.625 0.3463541666666667 0.4135787037037037
1 0.7048619791666667 0.45987500000000003 0.32465364583333334 0.3580231481481482
1 0.8450520833333334 0.6959861111111111 0.3098958333333333 0.4753101851851852
2 0.91897890625 0.5465032407407406 0.9152695312500001 0.5225990740740741 0.91696953125 0.49979351851851855 0.9160421875 0.49429861111111106 0.9118692708333334 0.4896273148148148 0.90615078125 0.48687962962962966 0.9012052083333334 0.4863300925925926 0.8939411458333333 0.4890777777777777 0.89085 0.4945731481481482 0.8891497395833333 0.5184777777777778 0.88250390625 0.5401837962962963 0.8832768229166666 0.5484268518518519 0.8865223958333334 0.5544712962962962 0.8902317708333333 0.5583180555555556 0.8957955729166667 0.5618902777777778 0.9015140625 0.5632638888888889 0.9084690104166667 0.5621648148148148 0.9141877604166667 0.5585930555555555 0.9172786458333333 0.5544712962962962
2 0.69889375 0.3442777777777778 0.7035304687499999 0.34537685185185185 0.7100216145833333 0.34262916666666665 0.71419453125 0.33548564814814813 0.7120307291666667 0.3135046296296296 0.7126489583333334 0.29152361111111114 0.7097125 0.2879513888888889 0.7056940104166666 0.28602824074074074 0.70167578125 0.2857532407407407 0.6965755208333333 0.2863027777777778 0.69425703125 0.289875 0.6927114583333334 0.3115810185185185 0.6883841145833334 0.33246296296296296 0.6894658854166666 0.33823333333333333 0.6927114583333334 0.3415300925925926 0.6965755208333333 0.3442777777777778
2 0.4686080729166667 0.4948481481481482 0.47030807291666665 0.47094351851851857 0.46829895833333335 0.4489625 0.46876276041666665 0.44566527777777776 0.47139010416666666 0.44099444444444447 0.47556302083333335 0.4379722222222222 0.48097239583333334 0.43632361111111106 0.48452708333333333 0.43687314814814815 0.48746380208333334 0.4390712962962963 0.48900911458333335 0.4437421296296296 0.49101848958333333 0.464074537037037 0.49750963541666665 0.48358287037037034 0.49689140625 0.49100138888888895 0.49287317708333334 0.4975953703703704 0.4883911458333333 0.5019916666666666 0.48329062500000003 0.5050143518518518 0.4766447916666667 0.5047393518518519 0.4723174479166667 0.5022666666666666
2 0.38422161458333337 0.30498657407407403 0.38932187500000004 0.3019643518518519 0.39164010416666667 0.2986671296296296 0.3934947916666667 0.29289722222222225 0.38700364583333335 0.274762962962963 0.3839125 0.2555296296296296 0.38128489583333336 0.25278194444444446 0.37726666666666664 0.2536060185185185 0.37216640624999997 0.25635370370370375 0.3687661458333333 0.26075000000000004 0.3678388020833333 0.26459675925925924 0.37092994791666667 0.28300555555555557 0.37108437499999997 0.303612962962963 0.37386640625 0.3066351851851852 0.378503125 0.30745972222222223
2 0.15409036458333333 0.44429166666666664 0.15980885416666668 0.44126898148148147 0.16583645833333333 0.4344 0.16707291666666665 0.4308282407407408 0.16722760416666665 0.4272564814814815 0.16042708333333333 0.40774814814814814 0.15609973958333334 0.38686620370370367 0.1539359375 0.38439305555555553 0.15038125000000002 0.3835689814814815 0.14466276041666667 0.38521759259259264 0.13956249999999998 0.3893388888888889 0.13708958333333332 0.3937351851851852 0.13724401041666667 0.39923055555555553 0.14064427083333333 0.41681527777777777 0.14126249999999999 0.4393458333333333 0.14450807291666665 0.44264305555555555 0.14899010416666666 0.4451157407407408
2 0.12704348958333334 0.2547050925925926 0.12364322916666667 0.2376699074074074 0.12101588541666668 0.23547175925925928 0.11792473958333334 0.23547175925925928 0.11267005208333333 0.2376699074074074 0.10988802083333334 0.24014259259259257 0.10787890625 0.24426435185185186 0.10818776041666665 0.2503087962962963 0.11081536458333334 0.2618490740740741 0.11096979166666668 0.28025833333333333 0.11390651041666668 0.28328055555555554 0.11916119791666667 0.28437962962962965 0.12457057291666666 0.28245601851851854 0.13168020833333333 0.2772356481481481 0.13353463541666669 0.2689930555555555