1 0.8288815109375 0.5421689805555556 0.9835091140625 0.5421689805555556 0.9835091140625 0.40833101944444444 0.8288815109375 0.40833101944444444 0.8288815109375 0.5421689805555556
1 0.7961041671875 0.6950208333333333 0.9689739578125 0.6950208333333333 0.9689739578125 0.5021828694444445 0.7961041671875 0.5021828694444445 0.7961041671875 0.6950208333333333
1 0.6755559890625 0.5506898138888889 0.8241940109374999 0.5506898138888889 0.8241940109374999 0.41341203611111105 0.6755559890625 0.41341203611111105 0.6755559890625 0.5506898138888889
1 0.6183619796875 0.7005625 0.7867161453125 0.7005625 0.7867161453125 0.5072708333333333 0.6183619796875 0.5072708333333333 0.6183619796875 0.7005625
1 0.5231106765625 0.5803703694444444 0.6652903640625001 0.5803703694444444 0.6652903640625001 0.4161481472222222 0.5231106765625 0.4161481472222222 0.5231106765625 0.5803703694444444
1 0.4403984375 0.7020925916666667 0.6040911453125 0.7020925916666667 0.6040911453125 0.5072685194444445 0.4403984375 0.5072685194444445 0.4403984375 0.7020925916666667
1 0.36912630156250004 0.5842569444444444 0.5103164062500001 0.5842569444444444 0.5103164062500001 0.41966898055555557 0.36912630156250004 0.41966898055555557 0.36912630156250004 0.5842569444444444
1 0.2567174484375 0.7096296305555556 0.42165234375000005 0.7096296305555556 0.42165234375000005 0.511962963888889 0.2567174484375 0.511962963888889 0.2567174484375 0.7096296305555556
1 0.20986067656250001 0.570925925 0.3541966140625 0.570925925 0.3541966140625 0.4188888888888889 0.20986067656250001 0.4188888888888889 0.20986067656250001 0.570925925
1 0.07523437499999999 0.7046921305555556 0.24905208281250002 0.7046921305555556 0.24905208281250002 0.5104004638888889 0.07523437499999999 0.5104004638888889 0.07523437499999999 0.7046921305555556
2 0.1608721359375 0.561099075 0.1632716140625 0.5561231472222222 0.1632716140625 0.5507916666666667 0.15867265625 0.5422611111111111 0.1556734375 0.5351527777777778 0.15407369843750002 0.5315986111111111 0.15227421875 0.5323092583333333 0.1496747390625 0.5323092583333333 0.14547578125 0.5355083333333333 0.1430763015625 0.5387069444444444 0.14547578125 0.5490143527777778 0.1470752609375 0.5532796305555555 0.1466755203125 0.5586111111111111 0.148075 0.5618097222222223 0.15288645781250002 0.5643666666666667 0.15827265625 0.5650087972222222 0.1608721359375 0.561099075
2 0.2845361984375 0.4509652777777778 0.2851359375 0.44705555555555554 0.28193671875000004 0.4395912027777778 0.2801372390625 0.43035046388888887 0.2783375 0.4275069444444445 0.27593802031250003 0.4275069444444445 0.27213906250000003 0.42999490833333337 0.2699395828125 0.43354907499999995 0.27213906250000003 0.44350092500000005 0.2715390625 0.4498986111111111 0.27353854218749996 0.4559412027777778 0.27739453125 0.45643009166666665 0.28233671875 0.4555856472222222 0.2845361984375 0.4509652777777778
2 0.34272265625 0.560436575 0.34332265624999997 0.5554606472222222 0.3405231765625 0.5472861111111111 0.3387236984375 0.5369787027777778 0.33772395781250003 0.5341351861111111 0.3349244796875 0.533424075 0.3311252609375 0.5341351861111111 0.3283260421875 0.5384004638888888 0.32912578125 0.5508402777777778 0.3279260421875 0.5583041666666666 0.3303255203125 0.5650574083333334 0.3341489578125 0.5659305555555556 0.3387236984375 0.5661236111111111 0.34272265625 0.560436575
2 0.44440598906249995 0.45369536944444444 0.4447221359375 0.44948194444444445 0.44282578125 0.44189768611111113 0.4423515625 0.4320662027777778 0.44061328125 0.42925740833333337 0.43808489531249994 0.4289763888888889 0.4346083328125 0.4303810194444444 0.4331861984375 0.4331898138888889 0.4333440109375 0.4421787027777778 0.431921875 0.4486393527777778 0.4322380203125 0.45257175833333335 0.43445026093749994 0.45650463055555557 0.43810885468749994 0.45808101944444446 0.4415614578125 0.4576282416666667 0.44440598906249995 0.45369536944444444
2 0.5198125 0.5277648138888889 0.5179161453125001 0.5311356472222222 0.5174421875 0.5429333333333333 0.5153877609374999 0.5507986111111111 0.5163359375 0.5552930555555555 0.5198125 0.558663425 0.5232890625 0.5589444444444445 0.5275557296875 0.557539813888889 0.52961015625 0.5536074083333333 0.5299263015625 0.5493939805555556 0.5280299484375 0.543775925 0.52850390625 0.5316972222222223 0.52613359375 0.5280453694444444 0.5232966140624999 0.5260763888888889 0.5198125 0.5277648138888889
2 0.6008713546875 0.4515337972222222 0.6022937500000001 0.4484435194444444 0.6011875 0.43973564722222225 0.6019776046875001 0.4315898138888889 0.6015036453125 0.42793796388888894 0.5986591140625 0.42512916666666667 0.5954984375000001 0.42484814722222225 0.593128125 0.4265333333333333 0.592021875 0.4358032416666666 0.5894934890625 0.44423009166666666 0.5894934890625 0.4481629638888889 0.59249609375 0.45265740833333334 0.5952716140625001 0.4537537027777778 0.5981848953125 0.454061575 0.6008713546875 0.4515337972222222
2 0.70583125 0.5267787027777777 0.7037768234375 0.5304305555555556 0.7010903640625 0.5419472222222222 0.6987200515625 0.5498125 0.7001424484375 0.5551495361111112 0.7017226562500001 0.5588013888888889 0.70519921875 0.561048611111111 0.7088338546874999 0.5607675916666667 0.7124684890624999 0.5576777777777778 0.71452265625 0.5537449083333333 0.7146807296875 0.5419472222222222 0.7157869796874999 0.534925 0.7137325515625 0.5295875 0.7113622390625001 0.5270597222222222 0.7084494796875 0.5260763888888889 0.70583125 0.5267787027777777
2 0.7590958328124999 0.45026759166666663 0.7614661453125 0.4483013888888889 0.7620981765625 0.4449305555555556 0.76162421875 0.4362226861111111 0.7625723953125 0.4317282416666667 0.76288828125 0.42639120277777776 0.7602018234375 0.42302036944444443 0.7565671875 0.42161574166666665 0.7537229171875001 0.4224583333333334 0.7523005203124999 0.4269527777777778 0.75135234375 0.43369444444444444 0.7502463546875 0.4356606472222222 0.7483500000000001 0.4418407416666667 0.7483500000000001 0.4452111111111111 0.75008828125 0.44745833333333335 0.75245859375 0.449425 0.7552156250000001 0.4506629638888889 0.7590958328124999 0.45026759166666663
2 0.8943973953125001 0.5543212972222222 0.8978739578124999 0.5506694444444444 0.8989802078125001 0.5425236111111111 0.90277265625 0.5321300916666667 0.9029307296875 0.5279166666666667 0.9013505203125 0.5239842583333333 0.89803203125 0.5211749999999999 0.8947132812499999 0.5197703694444444 0.8913947921875 0.5203324083333334 0.88997265625 0.5231412027777778 0.8869700515625001 0.531849075 0.8828614578125 0.5397143527777778 0.88128125 0.5442087972222223 0.8830195312500001 0.5472986111111111 0.8866481765625001 0.5526564805555556 0.88997265625 0.5543212972222222 0.8943973953125001 0.5543212972222222
2 0.9176273437500001 0.4442083333333333 0.9196815109375001 0.44083796388888885 0.9204716140625001 0.4329726861111111 0.9233161453125 0.4239837972222222 0.9228421875 0.42033194444444444 0.91889140625 0.41668055555555555 0.9157309890625 0.4158375 0.9127283859374999 0.4169611111111111 0.9100419265624999 0.42426481388888887 0.9089356765625001 0.4279162027777778 0.9064072921875 0.43156805555555555 0.9059333328125 0.43606249999999996 0.9071973953124999 0.44083796388888885 0.9089010421875001 0.4441726861111111 0.9132026046874999 0.4458939805555555 0.9176273437500001 0.4442083333333333