1 0.09114583333333333 0.5354953703703704 0.18229166666666666 0.2777777777777778
1 0.2732838541666667 0.4084537037037037 0.1909713541666667 0.2114212962962963
1 0.2960078125 0.621912037037037 0.2309036458333333 0.3055555555555556
1 0.49317968749999996 0.5051249999999999 0.22482552083333335 0.24537037037037038
1 0.5707473958333333 0.7441018518518518 0.2873255208333333 0.3580231481481482
1 0.7642630208333333 0.6281388888888889 0.2821171875 0.33796296296296297
1 0.8689244791666667 0.8472222222222222 0.26215104166666664 0.3055555555555556
2 0.2557291666666667 0.32083333333333336 0.2546875 0.325 0.2565104166666667 0.3384259259259259 0.25546875 0.3476851851851852 0.25677083333333334 0.35462962962962963 0.26197916666666665 0.36018518518518516 0.26953125 0.3574074074074074 0.27317708333333335 0.35185185185185186 0.27369791666666665 0.3486111111111111 0.2703125 0.33611111111111114 0.26796875 0.32083333333333336 0.26276041666666666 0.3175925925925926
2 0.27239583333333334 0.49722222222222223 0.2721354166666667 0.5032407407407408 0.27369791666666665 0.5148148148148148 0.2734375 0.5282407407407408 0.275 0.5356481481481481 0.2828125 0.5416666666666666 0.28958333333333336 0.537962962962963 0.29348958333333336 0.5305555555555556 0.2942708333333333 0.525 0.29322916666666665 0.5185185185185185 0.29140625 0.5162037037037037 0.29010416666666666 0.5115740740740741 0.2869791666666667 0.4935185185185185 0.28463541666666664 0.49074074074074076 0.2796875 0.49027777777777776 0.2747395833333333 0.4930555555555556
2 0.47890625 0.4050925925925926 0.47942708333333334 0.4222222222222222 0.478125 0.4310185185185185 0.4768716145833333 0.43612546296296295 0.4805348958333333 0.44353611111111113 0.4872302083333333 0.44533287037037034 0.49177786458333334 0.44353611111111113 0.49670442708333334 0.4370236111111111 0.49322916666666666 0.42083333333333334 0.49270833333333336 0.40370370370370373 0.49140625 0.40046296296296297 0.48984375 0.399537037037037 0.48359375 0.3990740740740741 0.48072916666666665 0.40046296296296297
2 0.5533854166666666 0.6407407407407407 0.553125 0.6472222222222223 0.55390625 0.6504629629629629 0.5575520833333333 0.6569444444444444 0.5636359375000001 0.6597212962962963 0.567721875 0.6597212962962963 0.5731770833333333 0.6560185185185186 0.5752604166666667 0.6518518518518519 0.5773799479166667 0.6465138888888889 0.5744083333333333 0.6311046296296295 0.57421875 0.612037037037037 0.5734375 0.6092592592592593 0.5713541666666667 0.6055555555555555 0.5674479166666667 0.6032407407407407 0.56328125 0.6032407407407407 0.5591145833333333 0.6055555555555555 0.55625 0.6129629629629629 0.5568255208333334 0.623400462962963 0.55546875 0.6347222222222222
2 0.74921875 0.5226851851851851 0.74775859375 0.5272046296296296 0.7492442708333333 0.5327078703703704 0.75134921875 0.5371106481481482 0.75432109375 0.5404125 0.7587786458333333 0.5423935185185185 0.7644744791666667 0.5419532407407407 0.76942734375 0.5379912037037037 0.7709130208333334 0.5329282407407407 0.7690104166666667 0.5208333333333334 0.7700520833333333 0.5046296296296297 0.7702940104166667 0.4992486111111111 0.7661458333333333 0.4925925925925926 0.7627604166666667 0.4912037037037037 0.7580729166666667 0.4912037037037037 0.7552083333333334 0.49398148148148147 0.75390625 0.4986111111111111 0.7526041666666666 0.512962962962963
2 0.9096354166666667 0.7962962962962963 0.909375 0.8018518518518518 0.9109375 0.8106481481481481 0.9177083333333333 0.8208333333333333 0.92539921875 0.8246638888888889 0.9356291666666666 0.8213842592592593 0.9399895833333333 0.8145273148148148 0.9384802083333333 0.7939550925925926 0.9411458333333333 0.7791666666666667 0.9411458333333333 0.7717592592592593 0.9401041666666666 0.7680555555555556 0.9354166666666667 0.7611111111111111 0.92734375 0.7578703703703704 0.921875 0.7592592592592593 0.9200520833333333 0.7620370370370371 0.9180200520833334 0.7712962962962963 0.9153645833333334 0.7828703703703703