1 0.0354075515625 0.43095370277777784 0.2845403640625 0.43095370277777784 0.2845403640625 0.12076851944444444 0.0354075515625 0.12076851944444444 0.0354075515625 0.43095370277777784
1 0.12966015625 0.6740578694444445 0.40223046875 0.6740578694444445 0.40223046875 0.3422662027777778 0.12966015625 0.3422662027777778 0.12966015625 0.6740578694444445
1 0.30034765625 0.43899305555555557 0.5460065109375 0.43899305555555557 0.5460065109375 0.13189583333333335 0.30034765625 0.13189583333333335 0.30034765625 0.43899305555555557
1 0.42255859375 0.6817731472222223 0.69512890625 0.6817731472222223 0.69512890625 0.3484398138888889 0.42255859375 0.3484398138888889 0.42255859375 0.6817731472222223
1 0.5614908859375001 0.44817592500000003 0.8132278640624999 0.44817592500000003 0.8132278640624999 0.14262036944444445 0.5614908859375001 0.14262036944444445 0.5614908859375001 0.44817592500000003
1 0.7057291671875 0.6990763888888889 0.9791666671874999 0.6990763888888889 0.9791666671874999 0.3765439805555556 0.7057291671875 0.3765439805555556 0.7057291671875 0.6990763888888889
1 1 0.17438425833333335 0.8289947921874999 0.17438425833333335 0.8289947921874999 0.46142129722222225 1 0.46142129722222225 1 0.17438425833333335
2 0.14488203125000002 0.18280833333333335 0.142184375 0.18196203611111111 0.1378205734375 0.18421898055555555 0.1355986984375 0.18760416666666666 0.1332979171875 0.19183611111111112 0.1329010421875 0.19606759166666668 0.13353593749999998 0.1993120361111111 0.13837578125 0.21116064722222222 0.1409942703125 0.22583055555555556 0.1426604171875 0.229075 0.14718307343749998 0.23006203611111112 0.1513088546875 0.22893379722222224 0.156228125 0.2241379638888889 0.15845 0.220188425 0.159878125 0.21539259166666666 0.159878125 0.21017314722222225 0.15210234375 0.19818333333333335 0.1520229171875 0.19832453611111112 0.1462309890625 0.18407777777777778 0.14488203125000002 0.18280833333333335
2 0.2628958328125 0.47113935277777774 0.26611536406249997 0.46723055555555554 0.26784270781249997 0.462763425 0.2690205734375 0.45801713055555554 0.26909921875 0.45229398055555553 0.2683924484375 0.4467101861111111 0.26713593750000003 0.4439180555555555 0.26218906249999996 0.43973009166666666 0.25755625000000004 0.4281435194444444 0.255121875 0.4249328694444444 0.2533158859375 0.4240953694444444 0.25088177031250003 0.4240953694444444 0.24750520781250002 0.4260495361111111 0.2449140625 0.42995833333333333 0.24326510468749998 0.43358796388888887 0.24263671874999998 0.43917175833333333 0.2430294265625 0.44377824166666663 0.2446 0.4485245361111111 0.24609192656249998 0.45229398055555553 0.2473481765625 0.45480648055555556 0.2467984375 0.46429907500000006 0.2475838546875 0.46764953611111115 0.2502536453125 0.47141851944444446 0.25260937499999997 0.4728143527777778 0.2556716140625 0.4742106472222222 0.2591265625 0.47393148055555556 0.2628958328125 0.47113935277777774
2 0.42686328125 0.20472916666666666 0.42527630156249996 0.20163935277777775 0.42285833281249996 0.19975879722222223 0.4208182296875 0.19895277777777778 0.41855104218749994 0.19895277777777778 0.4169643234375 0.19975879722222223 0.4149997390625 0.20137083333333333 0.4135638015625 0.20365463055555558 0.4128083328125 0.20634120277777776 0.41265703125000003 0.20781898055555553 0.41250598906249997 0.2181629638888889 0.40993671875000004 0.22729768611111112 0.40948333281249993 0.23052175833333333 0.4100125 0.2334773138888889 0.41144817656250005 0.2389851861111111 0.4142440109375 0.24314953611111112 0.41635989531249995 0.24556759166666664 0.42089375 0.2463736111111111 0.4258809890625 0.24476157499999998 0.42905468750000003 0.23911944444444444 0.43033932343750003 0.23414907499999998 0.4302635421875 0.22904398055555555 0.4277700515625 0.22044629722222225 0.42761901093750004 0.2076847222222222 0.42686328125 0.20472916666666666
2 0.5662083328125 0.4822888888888889 0.5682596359375001 0.4777666666666667 0.5696546875 0.47061851944444444 0.56957265625 0.46755509166666664 0.566946875 0.45661342499999996 0.5671109375000001 0.443775925 0.5667005203125 0.44085833333333335 0.56514140625 0.4375027777777778 0.5633361984375 0.43531481388888893 0.5608744796875 0.43414768611111115 0.5589869796875 0.4338560194444444 0.5563611984375 0.43429351944444444 0.5538171875 0.4361898138888889 0.5522580734375 0.4386699083333333 0.5509453125 0.44260879722222224 0.5505348953125 0.45486296388888886 0.5471705734375 0.4662421305555556 0.54700625 0.47003472222222226 0.5476627609375 0.4751407416666667 0.54930390625 0.4787879638888889 0.5521760421875 0.48214305555555553 0.5546377609375 0.4849148138888889 0.5587408859375 0.4853527777777778 0.5620231765625 0.48520648055555554 0.5662083328125 0.4822888888888889
2 0.6974208328125 0.2510643527777778 0.7006210937499999 0.2490222222222222 0.70300078125 0.24522916666666666 0.7041497390625 0.242311575 0.7039856765625 0.2370597222222222 0.70316484375 0.22859861111111113 0.705134375 0.21517731388888886 0.70521640625 0.21196805555555553 0.7036572921875 0.2078833333333333 0.7023442703125 0.20613240833333332 0.6999645828125 0.20423611111111112 0.6983234375 0.20336064722222222 0.69594375 0.20321481388888887 0.6935640624999999 0.20438194444444444 0.69126640625 0.2064245361111111 0.6900354171874999 0.21036342500000002 0.6881481765624999 0.223200925 0.68461953125 0.22889027777777776 0.6837169265624999 0.23239166666666666 0.6833067703125 0.2364763888888889 0.6839630203125 0.24070694444444443 0.6859325515625 0.24552083333333335 0.6885583328125 0.2490222222222222 0.6919229171875 0.25091851944444443 0.6945486984375 0.25164814722222223 0.6974208328125 0.2510643527777778