1 0.6067981765625 0.8272754638888888 0.9481653640625 0.8272754638888888 0.9481653640625 0.432113425 0.6067981765625 0.432113425 0.6067981765625 0.8272754638888888
1 0.5629817703125 0.4754398138888889 0.8226484375 0.4754398138888889 0.8226484375 0.24091203611111112 0.5629817703125 0.24091203611111112 0.5629817703125 0.4754398138888889
1 0.3538580734375 0.6191782416666667 0.5981627609375 0.6191782416666667 0.5981627609375 0.30464583333333334 0.3538580734375 0.30464583333333334 0.3538580734375 0.6191782416666667
1 0.35983333281249996 0.3392152777777778 0.555921875 0.3392152777777778 0.555921875 0.15711805555555555 0.35983333281249996 0.15711805555555555 0.35983333281249996 0.3392152777777778
1 0.1858932296875 0.4668611111111111 0.3640234375 0.4668611111111111 0.3640234375 0.21376851944444444 0.1858932296875 0.21376851944444444 0.1858932296875 0.4668611111111111
1 0.20979296875000003 0.23516435277777778 0.36583203124999997 0.23516435277777778 0.36583203124999997 0.1051875 0.20979296875000003 0.1051875 0.20979296875000003 0.23516435277777778
1 0.0900598953125 0.23301851944444446 0.2177578125 0.23301851944444446 0.2177578125 0.059157408333333335 0.0900598953125 0.059157408333333335 0.0900598953125 0.23301851944444446
1 0.04251953125 0.3703217583333333 0.19385546874999998 0.3703217583333333 0.19385546874999998 0.14295601944444444 0.04251953125 0.14295601944444444 0.04251953125 0.3703217583333333
1 0 0.2810439805555556 0.07571354218750001 0.2810439805555556 0.07571354218750001 0.09571527777777779 0 0.09571527777777779 0 0.2810439805555556
1 0 0.17128240833333333 0.11421875 0.17128240833333333 0.11421875 0.024921297222222222 0 0.024921297222222222 0 0.17128240833333333
2 0.0558463546875 0.029072686111111114 0.05682578125 0.025591202777777777 0.053153125 0.016016202777777776 0.0509497390625 0.007312036111111111 0.048256510937500004 0.004265741666666666 0.0436044265625 0.004265741666666666 0.0396869796875 0.006441666666666667 0.0396869796875 0.011664352777777777 0.0414010421875 0.020368519444444445 0.0414010421875 0.029943055555555556 0.0440942703125 0.034295369444444446 0.0479471359375 0.03453611111111111 0.052173698437500006 0.03298981388888889 0.0558463546875 0.029072686111111114
2 0.1383567703125 0.049092591666666664 0.1386015625 0.05431481388888888 0.14056015625 0.06301898055555556 0.1408049484375 0.07651064722222221 0.1442328125 0.078686575 0.1491294265625 0.07825138888888888 0.1532916671875 0.07433472222222222 0.1564747390625 0.07041759166666667 0.15598489531249998 0.06563055555555555 0.15231250000000002 0.05605555555555555 0.15108828125 0.04996296388888889 0.14863984375 0.045175463888888885 0.1441078125 0.044113425000000005 0.1383567703125 0.049092591666666664
2 0.0984481765625 0.1426625 0.0984481765625 0.149625925 0.1001619796875 0.1574597222222222 0.0999171875 0.17269213055555557 0.1045690109375 0.17486851944444443 0.1106901046875 0.1757388888888889 0.1168109375 0.171386575 0.11876979218749999 0.16572870277777776 0.11876979218749999 0.16094166666666668 0.11387291718749999 0.149625925 0.1116692703125 0.14135694444444444 0.1097106765625 0.13613472222222223 0.10397343750000002 0.13701203611111112 0.0984481765625 0.1426625
2 0.28731249999999997 0.1264476861111111 0.288046875 0.12209583333333335 0.2846192703125 0.10903935277777778 0.2833950515625 0.1003351861111111 0.282415625 0.09598286944444444 0.2792328125 0.09380694444444444 0.2765395828125 0.09337175833333333 0.2733567703125 0.09337175833333333 0.2706635421875 0.09685370277777779 0.27041875000000004 0.10251111111111112 0.2713979171875 0.11165046388888888 0.26992890625 0.1255773138888889 0.2713979171875 0.12949444444444444 0.27824791718749997 0.13126574166666669 0.28363984375 0.12992963055555556 0.28731249999999997 0.1264476861111111
2 0.2665013015625 0.20913796388888886 0.26429765625 0.20652685277777777 0.2608700515625 0.20652685277777777 0.2564630203125 0.20826759166666667 0.2527903640625 0.21131388888888886 0.2513213546875 0.21610138888888888 0.2535247390625 0.22959259166666668 0.25230078125 0.23916759166666668 0.2540145828125 0.24787175833333336 0.25744218750000003 0.25222361111111113 0.2623390625 0.25352916666666664 0.26845989531250003 0.251788425 0.2726221359375 0.24787175833333336 0.27433593749999996 0.24308425833333333 0.2721325515625 0.23307453611111112 0.2690895828125 0.22129074166666665 0.26748072968750003 0.21305463055555557 0.2665013015625 0.20913796388888886
2 0.45862369843749995 0.19334444444444443 0.4605825515625 0.1872513888888889 0.4569098953125 0.17201898055555556 0.4564203125 0.1611388888888889 0.4554408859375 0.15504583333333333 0.4510338546875 0.15156435277777777 0.44760625000000004 0.15069351944444445 0.44368880156249996 0.15330509166666667 0.4409955734375 0.15722175833333332 0.44148515625 0.17506574166666666 0.44001614531250005 0.1898625 0.4417299484375 0.19465 0.44686562500000004 0.1963902777777778 0.4515234375 0.1976962972222222 0.45862369843749995 0.19334444444444443
2 0.47604010468749997 0.35770833333333335 0.478978125 0.3511800916666667 0.4740815109375 0.3315958333333333 0.4728572921875 0.31549305555555557 0.4716330734375 0.311575925 0.4699192703125 0.30852963055555555 0.4660018234375 0.3067888888888889 0.46281875 0.3067888888888889 0.4591463546875 0.3098351861111111 0.45620833281250006 0.31331713055555555 0.45522890625 0.3172337972222222 0.45620833281250006 0.3363833333333333 0.45327031250000005 0.35422685277777777 0.45498411406250006 0.35814351944444445 0.4589015625 0.3616254638888889 0.46518203125 0.36351157500000003 0.47236744843749995 0.3616254638888889 0.47604010468749997 0.35770833333333335
2 0.6951247390625 0.24412963055555556 0.6914520828125 0.24151851944444447 0.6868002609375 0.2402129638888889 0.6828828125 0.24108333333333334 0.67847578125 0.245 0.6782309890625 0.2654550916666667 0.67406875 0.28460416666666666 0.6760273437500001 0.2906972222222222 0.6811690109375 0.29461435277777775 0.6894934890625 0.2950495361111111 0.6961041671875 0.2924379638888889 0.6987973953125 0.28634536944444444 0.6957518234375 0.26390925833333334 0.6961041671875 0.2528337972222222 0.6951247390625 0.24412963055555556
2 0.7816328125 0.45449259166666667 0.7774705734375 0.4483995361111111 0.77281875 0.445788425 0.7657184890625001 0.4444828694444445 0.7608216140625 0.44752916666666664 0.7591078125 0.4523166666666667 0.7571489578125 0.47320694444444444 0.7507833328125 0.49322638888888887 0.7534765625000001 0.5032361111111111 0.7583731765625 0.5088939805555556 0.7640044265625 0.5132462972222223 0.7730635421875001 0.5132462972222223 0.7789395828125001 0.5101995361111111 0.7833466140625001 0.5023657416666667 0.78113828125 0.4755643527777778 0.7818776046875 0.4623263888888889 0.7816328125 0.45449259166666667