1 0.42274218750000003 0.8055532416666666 0.7664921875 0.8055532416666666 0.7664921875 0.3966041666666667 0.42274218750000003 0.3966041666666667 0.42274218750000003 0.8055532416666666
1 0.6510416671875 0.6543217583333334 0.9869791671874999 0.6543217583333334 0.9869791671874999 0.2824097222222222 0.6510416671875 0.2824097222222222 0.6510416671875 0.6543217583333334
1 0.7960065109375 0.9645069444444445 0.9999986984375001 0.9645069444444445 0.9999986984375001 0.4799375 0.7960065109375 0.4799375 0.7960065109375 0.9645069444444445
1 0.3671875 0.48456944444444444 0.6276041671875 0.48456944444444444 0.6276041671875 0.216050925 0.3671875 0.216050925 0.3671875 0.48456944444444444
1 0.1493059890625 0.6666643527777778 0.4218763015625 0.6666643527777778 0.4218763015625 0.3179004638888889 0.1493059890625 0.3179004638888889 0.1493059890625 0.6666643527777778
1 0.1388893234375 0.37191203611111107 0.3611106765625 0.37191203611111107 0.3611106765625 0.17746759166666667 0.1388893234375 0.17746759166666667 0.1388893234375 0.37191203611111107
1 0 0.570988425 0.15277604218750002 0.570988425 0.15277604218750002 0.2638912027777778 0 0.2638912027777778 0 0.570988425
1 0.0000013015624999999999 0.3348773138888889 0.14409765624999998 0.3348773138888889 0.14409765624999998 0.14352083333333332 0.0000013015624999999999 0.14352083333333332 0.0000013015624999999999 0.3348773138888889
2 0.0317708328125 0.17175925833333333 0.0317708328125 0.18101851944444444 0.0330729171875 0.18888888888888888 0.0395833328125 0.19305555555555556 0.04375 0.19305555555555556 0.046875 0.19027777777777777 0.05 0.18472222222222223 0.05078125 0.18240740833333335 0.050260417187499996 0.17870370277777778 0.0458333328125 0.16805555555555557 0.0440104171875 0.15740740833333333 0.0419270828125 0.1523148138888889 0.0401041671875 0.15092592500000002 0.03359375 0.1523148138888889 0.03046875 0.15416666666666667 0.029427082812499998 0.15648148055555555 0.029166667187500002 0.16157407499999998 0.0317708328125 0.17175925833333333
2 0.01969296875 0.27166805555555557 0.016796875 0.27166805555555557 0.0133216140625 0.2723546305555556 0.01042578125 0.2732129638888889 0.0073364578125 0.2754439805555556 0.00511640625 0.27870463055555555 0.0052127609375 0.2809356472222222 0.0086880203125 0.2974106472222222 0.0093638015625 0.3164601861111111 0.0132252609375 0.32023564722222225 0.015445573437499999 0.3209222222222222 0.0179552078125 0.3209222222222222 0.022975000000000002 0.31937731388888885 0.0273190109375 0.3164601861111111 0.03166328125 0.31285601944444447 0.0333041671875 0.31011018611111113 0.0330145828125 0.30650648055555557 0.025581510937500003 0.28848657499999997 0.0220096359375 0.2735560194444444 0.01969296875 0.27166805555555557
2 0.2433794265625 0.1878393527777778 0.24031276093749998 0.18660000000000002 0.23724609375 0.18684768611111113 0.2332036453125 0.18833472222222222 0.22971875000000003 0.19106064722222224 0.22930078125 0.19403425833333335 0.2315309890625 0.21014213055555556 0.23097343750000002 0.22872777777777778 0.233621875 0.2314537027777778 0.23863984375 0.23219675833333334 0.244215625 0.23170138888888886 0.2496520828125 0.22699305555555555 0.25174296875 0.22104536944444447 0.24644583281250002 0.2051856472222222 0.244215625 0.1895736111111111 0.2433794265625 0.1878393527777778
2 0.2824091140625 0.37592592500000005 0.2835244796875 0.370474075 0.2776697921875 0.35139305555555556 0.2751606765625 0.3320638888888889 0.27293046875 0.32884259166666663 0.26958515625 0.3278513888888889 0.2666578125 0.32760324166666666 0.26219739531249997 0.3295856472222222 0.2588518234375 0.33280740833333333 0.2574580734375 0.33578101944444444 0.2567609375 0.3380111111111111 0.2591307296875 0.3568449083333333 0.25787604218750004 0.37592592500000005 0.25968828125 0.38162592500000003 0.26191848906250004 0.38360833333333333 0.2659609375 0.3855907416666667 0.27293046875 0.38459953611111114 0.2789244796875 0.37989120277777777 0.2824091140625 0.37592592500000005
2 0.49693437500000004 0.275563425 0.5004190109375 0.26961620277777776 0.4970736984375 0.2512782416666667 0.49665546875000005 0.2314537027777778 0.49484348906250003 0.2289754638888889 0.49205546875 0.227488425 0.48871015624999997 0.22649722222222224 0.4856434890625 0.22674536944444443 0.48243749999999996 0.22872777777777778 0.4804859375 0.23219675833333334 0.4796497390625 0.23393148055555557 0.4806252609375 0.25103055555555553 0.47755859375 0.27085509166666666 0.4797890625 0.27432453611111113 0.4827161453125 0.27729814722222224 0.48954635468749996 0.2795282416666667 0.4935888015625 0.2782893527777778 0.49693437500000004 0.275563425
2 0.5751335937500001 0.4691023138888889 0.5782 0.47430601944444445 0.5826606765625 0.4782712972222223 0.5875393234375 0.47926250000000004 0.5918606765625001 0.4780231472222222 0.5967393234375 0.4745541666666666 0.6000846359375 0.4705888888888889 0.6023151046875 0.4653851861111111 0.6041270828124999 0.4606768527777778 0.60356953125 0.45745509166666665 0.59757578125 0.438125925 0.5954848953125 0.4183013888888889 0.5945091140625001 0.4155754638888889 0.5924182296875 0.4130972222222222 0.58907265625 0.41161064722222224 0.5855880203125 0.41210601944444447 0.5819638015625 0.4130972222222222 0.5788971359375 0.41582314722222224 0.5762486984375 0.41929259166666666 0.5752729171875 0.4242486111111111 0.5769455734375 0.44506481388888885 0.5751335937500001 0.4691023138888889
2 0.8247854171875 0.29142314722222223 0.8214401046875001 0.28944074166666667 0.8175369796874999 0.2872106472222222 0.8136341140625 0.2869625 0.8102885421874999 0.28820185277777777 0.8079190109375001 0.289936575 0.8051309890624999 0.3112481472222222 0.7988583328125001 0.33231157499999997 0.79955546875 0.3365245361111111 0.8016463546875 0.3394981472222222 0.8044341140625001 0.34222407499999996 0.8086158859375001 0.3456935194444445 0.8123794265625 0.34668472222222224 0.8189309890625 0.3456935194444445 0.82199765625 0.34495 0.8260401046875 0.3397458333333333 0.82464609375 0.318186575 0.82729453125 0.29613148055555555 0.8247854171875 0.29142314722222223