1 1 0.41203703611111114 0.6215299484375 0.41203703611111114 0.6215299484375 0.8703703694444443 1 0.8703703694444443 1 0.41203703611111114
1 0.5694453125 0.5277777777777778 0.8637161453125 0.5277777777777778 0.8637161453125 0.23148148055555554 0.5694453125 0.23148148055555554 0.5694453125 0.5277777777777778
1 0.3411471359375 0.6358032416666666 0.6215299484375 0.6358032416666666 0.6215299484375 0.2623449083333333 0.3411471359375 0.2623449083333333 0.3411471359375 0.6358032416666666
1 0.34895703125 0.3302476861111111 0.56683984375 0.3302476861111111 0.56683984375 0.1280856472222222 0.34895703125 0.1280856472222222 0.34895703125 0.3302476861111111
1 0.15625 0.4598773138888889 0.359375 0.4598773138888889 0.359375 0.16203935277777778 0.15625 0.16203935277777778 0.15625 0.4598773138888889
1 0.1883671875 0.22068055555555555 0.35850781249999997 0.22068055555555555 0.35850781249999997 0.06327314722222223 0.1883671875 0.06327314722222223 0.1883671875 0.22068055555555555
1 0.0616315109375 0.16049305555555557 0.19791536406250002 0.16049305555555557 0.19791536406250002 0.0061736111111111115 0.0616315109375 0.0061736111111111115 0.0616315109375 0.16049305555555557
1 0.0000013015624999999999 0.34567824166666666 0.16580078125 0.34567824166666666 0.16580078125 0.08024768611111112 0.0000013015624999999999 0.08024768611111112 0.0000013015624999999999 0.34567824166666666
2 0.1181653640625 0.04176435277777778 0.1201731765625 0.04658333333333333 0.1266989578125 0.04622638888888889 0.1328231765625 0.04372777777777778 0.1341145828125 0.03981481388888889 0.1304135421875 0.02802129722222222 0.12870703125 0.014456944444444446 0.1258958328125 0.012672222222222224 0.12291666718750001 0.0125 0.1197916671875 0.013425924999999998 0.11716145781250001 0.016420369444444444 0.11866744843749999 0.030698611111111114 0.1181653640625 0.04176435277777778
2 0.0696455734375 0.10777083333333333 0.0689588546875 0.1203263888888889 0.0701359375 0.12677870277777778 0.0728825515625 0.12799953611111112 0.0804356765625 0.12869722222222224 0.0875963546875 0.1241629638888889 0.0880869796875 0.120500925 0.08359375 0.10694444444444444 0.08151041718749999 0.09120370277777778 0.0783854171875 0.08796296388888888 0.0744791671875 0.08796296388888888 0.07109375 0.08888888888888889 0.06768359375 0.09242453611111111 0.0684684890625 0.0994 0.0696455734375 0.10777083333333333
2 0.2375 0.18888888888888888 0.2367119796875 0.19595185277777777 0.235915625 0.207074075 0.2377604171875 0.20972222222222223 0.240465625 0.21374722222222223 0.24558437500000002 0.21556713055555557 0.2516130203125 0.21374722222222223 0.2552083328125 0.21018518611111112 0.2567708328125 0.20648148055555554 0.2567708328125 0.20277777777777778 0.2528645828125 0.1856481472222222 0.2520833328125 0.174074075 0.25078125 0.16898148055555556 0.24869791718749998 0.16712963055555555 0.2403645828125 0.16712963055555555 0.2377604171875 0.16851851944444443 0.2361979171875 0.17222222222222222 0.236484375 0.1783587972222222 0.2375 0.18888888888888888
2 0.25946171875 0.08695509166666666 0.2588541671875 0.1023148138888889 0.2609375 0.10555555555555556 0.2677653640625 0.10657036944444444 0.2729979171875 0.10454814722222222 0.27584166718750003 0.10111018611111111 0.2724291671875 0.08493286944444445 0.2714052078125 0.071788425 0.26901041718749996 0.06805555555555555 0.2640625 0.06759259166666666 0.26015625 0.06944444444444445 0.25833333281250004 0.0726851861111111 0.2587791671875 0.08109027777777778 0.25946171875 0.08695509166666666
2 0.44362421875 0.17037963055555555 0.4428338546875 0.17740555555555557 0.44480989531250004 0.18056759166666667 0.4481690109375 0.1819726861111111 0.45646848906250004 0.18162129722222223 0.4613098953125 0.17863518611111112 0.4629895828125 0.17441990833333335 0.45911458281249995 0.15694444444444444 0.45911458281249995 0.15046296388888888 0.4583458328125 0.13964120277777778 0.45598958281249996 0.13796296388888887 0.4522200515625 0.13683055555555557 0.44886067656249995 0.13753333333333334 0.44609375 0.138425925 0.4440104171875 0.14305555555555555 0.44453125 0.16111111111111112 0.44362421875 0.17037963055555555
2 0.4594325515625 0.32916666666666666 0.46170494843750004 0.3344361111111111 0.46733671875000005 0.3391787027777778 0.47701953125 0.3377736111111111 0.48255234375 0.33408472222222224 0.4851213546875 0.32899120277777777 0.4828489578125 0.314236575 0.4809895828125 0.30740740833333335 0.48072916718750003 0.28981481388888886 0.47864583281249995 0.2837962972222222 0.47421875 0.28101851944444445 0.46640625 0.28148148055555555 0.46302083281249995 0.2851851861111111 0.46200156249999996 0.287186575 0.46200156249999996 0.2950907416666667 0.4622395828125 0.311574075 0.4594325515625 0.32916666666666666
2 0.6994791671875 0.28240740833333333 0.6995643234375 0.2886944444444445 0.7037440109374999 0.2941986111111111 0.7088541671875 0.2981481472222222 0.7161458328125 0.2976851861111111 0.7208333328125 0.29398148055555556 0.7241783859375001 0.2908958333333333 0.7221658859375 0.2686041666666667 0.7231770828124999 0.2560185194444445 0.72265625 0.2481481472222222 0.7203125 0.24398148055555555 0.7138020828125 0.24120370277777778 0.70703125 0.24351851944444444 0.7052083328125 0.24768518611111112 0.7041666671875 0.2652777777777778 0.6994791671875 0.28240740833333333
2 0.7997395828125 0.5013888888888889 0.8060703124999999 0.5105129638888889 0.8110239578125 0.5146412027777778 0.81551328125 0.5154666666666667 0.81953125 0.5152777777777777 0.8244791671874999 0.5134259250000001 0.828125 0.5101851861111111 0.8313033859375001 0.5055592583333333 0.8296875 0.4810185194444444 0.8325520828125 0.4527777777777778 0.8283854171874999 0.44675925833333335 0.8216145828125001 0.4425925916666667 0.8140625 0.44166666666666665 0.8104166671874999 0.4444444444444444 0.8088541671874999 0.44814814722222224 0.8079278640625001 0.4521685194444444 0.8067708328125001 0.4597222222222222 0.8057291671875 0.4703703694444445 0.7986979171875 0.49074074166666665 0.7981770828125 0.49444444444444446 0.7997395828125 0.5013888888888889