1 0.75465625 0.3544953703703704 0.1596796875 0.17230555555555555
1 0.7063151041666667 0.4956111111111111 0.17500260416666666 0.20981481481481482
1 0.5888229166666666 0.3728564814814815 0.1578671875 0.18220833333333333
1 0.5136067708333333 0.5131851851851852 0.17772656250000002 0.2126388888888889
1 0.41511458333333334 0.38760648148148147 0.16059895833333335 0.1889074074074074
1 0.31209375 0.5275416666666667 0.18900781249999998 0.2194675925925926
1 0.23615104166666667 0.3976064814814815 0.17254687500000002 0.1870185185185185
1 0.10124739583333334 0.5484583333333334 0.20249479166666667 0.22418055555555558
1 0.0695859375 0.40506018518518516 0.139171875 0.18860648148148149
2 0.034794531249999996 0.3697550925925926 0.03979192708333333 0.3674699074074074 0.043684375 0.36314537037037037 0.044657552083333336 0.3579560185185185 0.045387239583333336 0.35233472222222223 0.0412515625 0.3480101851851852 0.03881901041666667 0.34628055555555554 0.03249375 0.3359023148148148 0.03054765625 0.3341722222222222 0.026655208333333333 0.3354699074074074 0.023005989583333334 0.33763194444444444 0.020329947916666664 0.3428212962962963 0.021546354166666667 0.3475777777777778 0.02568203125 0.3557939814814815 0.028601302083333332 0.3674699074074074
2 0.08832187500000001 0.5167773148148148 0.09598828125 0.5136319444444444 0.09842109375000001 0.5075777777777778 0.09915104166666668 0.5006587962962963 0.09817786458333333 0.495037037037037 0.09452864583333334 0.49114537037037037 0.09160937499999999 0.4902805555555556 0.08577083333333334 0.4803347222222222 0.08260833333333334 0.47860462962962963 0.07822942708333333 0.4803347222222222 0.07433697916666666 0.4846587962962963 0.07263411458333334 0.49114537037037037 0.07433697916666666 0.49633472222222225 0.07822942708333333 0.5032532407407407 0.07920234375 0.5084425925925926 0.082121875 0.5144967592592593
2 0.22936718749999999 0.3607148148148148 0.23375494791666668 0.3592037037037037 0.23716067708333333 0.3548796296296296 0.23837708333333335 0.3501226851851852 0.23740390625 0.3457986111111111 0.23351145833333334 0.3397444444444444 0.23107890625 0.33196064814814813 0.22961927083333336 0.32850138888888886 0.2271864583333333 0.3272037037037037 0.22451041666666666 0.3272037037037037 0.22110442708333336 0.32979861111111114 0.21964479166666667 0.3345550925925926 0.21988828124999998 0.3397444444444444 0.22256432291666667 0.34796064814814814 0.221834375 0.3527175925925926 0.22256432291666667 0.3570416666666667 0.22524010416666668 0.3613662037037037
2 0.3072515625 0.495738425925926 0.31215494791666665 0.49417222222222223 0.3167135416666667 0.48687962962962966 0.31792916666666665 0.48066759259259256 0.3167135416666667 0.47526527777777783 0.3133705729166667 0.4717541666666667 0.3107875 0.462300925925926 0.30850833333333333 0.4587898148148148 0.3059252604166666 0.4571689814814815 0.3027341145833333 0.45797916666666666 0.2998471354166667 0.4606805555555556 0.29832760416666665 0.46473194444444443 0.29817578125 0.46905324074074073 0.3001510416666667 0.4763458333333333 0.300303125 0.48228796296296295 0.30106276041666663 0.48850000000000005 0.30334192708333335 0.4928217592592592
2 0.41390338541666666 0.3465523148148148 0.4176072916666667 0.34615972222222224 0.4198864583333333 0.3426486111111111 0.4206463541666666 0.3388671296296296 0.42079817708333334 0.3350856481481481 0.41836692708333334 0.32779305555555555 0.4176072916666667 0.31969027777777775 0.41684765625 0.3159087962962963 0.41396041666666666 0.31374814814814816 0.4115294270833333 0.31374814814814816 0.40833854166666667 0.3164490740740741 0.40757864583333336 0.31942037037037035 0.4080346354166667 0.3294138888888889 0.4068190104166666 0.33589583333333334 0.4065151041666667 0.3402175925925926 0.40833854166666667 0.3429185185185185 0.41061770833333333 0.34615972222222224
2 0.5139841145833334 0.48103518518518523 0.5185424479166667 0.47941481481481485 0.5212776041666667 0.4750930555555556 0.5226450520833333 0.47077175925925924 0.5229489583333333 0.46645000000000003 0.5209736979166667 0.45942731481481486 0.5209736979166667 0.4537555555555555 0.5206697916666667 0.4499740740740741 0.518390625 0.44538240740740737 0.515959375 0.4434916666666667 0.5123125 0.4443023148148148 0.5100333333333333 0.44727314814814817 0.5091216145833334 0.45186481481481483 0.5091216145833334 0.457537037037037 0.5077541666666667 0.4623986111111111 0.5068424479166667 0.4680703703703704 0.5069945312499999 0.4740125 0.5092736979166667 0.4780643518518518
2 0.58992890625 0.33407037037037035 0.5937963541666667 0.3345037037037037 0.5972911458333333 0.3315324074074074 0.5985067708333334 0.3280212962962963 0.5975950520833333 0.3182976851851852 0.5989627604166666 0.309925 0.5989627604166666 0.3058736111111111 0.5966833333333333 0.3020921296296296 0.5936445312499999 0.30101157407407403 0.58999765625 0.3020921296296296 0.58756640625 0.3058736111111111 0.5868067708333334 0.31721759259259263 0.5842236979166666 0.3237 0.5849833333333333 0.3277513888888889 0.5869585937499999 0.33234305555555554
2 0.7071119791666667 0.45769907407407406 0.7096874999999999 0.4602810185185185 0.7145497395833333 0.4608212962962963 0.7177406249999999 0.45920046296296296 0.71926015625 0.45379861111111114 0.7197161458333333 0.4465060185185185 0.72290703125 0.4357023148148148 0.7230588541666666 0.4319208333333333 0.7209317708333334 0.427599537037037 0.71865234375 0.42543888888888887 0.7153096354166667 0.4240884259259259 0.7130302083333333 0.42543888888888887 0.7104471354166667 0.4297601851851852 0.7087757812500001 0.43597222222222226 0.70634453125 0.44029398148148147 0.7048249999999999 0.4446152777777778 0.70512890625 0.4497472222222222
2 0.7575960937499999 0.31683379629629627 0.7607921875 0.3191555555555555 0.7641348958333333 0.31861527777777776 0.7679335937499999 0.31591435185185185 0.7693013020833334 0.31375324074074074 0.769453125 0.3051101851851852 0.7721882812499999 0.2967375 0.7723401041666667 0.2934962962962963 0.7714283854166666 0.290525 0.7686934895833333 0.28674398148148145 0.7659583333333334 0.28620370370370374 0.7627674479166667 0.28674398148148145 0.7612479166666667 0.28998518518518523 0.7588166666666667 0.29808796296296297 0.7536505208333334 0.3080814814814815 0.75380234375 0.31186296296296295