1 0.5946171875 0.6010787037037036 0.34375 0.4089490740740741
1 0.8190104166666666 0.4683657407407407 0.3359375 0.37191203703703707
1 0.8980026041666667 0.7222222222222222 0.2039921875 0.4845694444444445
1 0.4973958333333333 0.35031018518518514 0.2604166666666667 0.26851851851851855
1 0.28559114583333334 0.49228240740740736 0.2725703125 0.34876388888888893
1 0.25 0.27468981481481486 0.2222213541666667 0.19444444444444445
1 0.07638802083333333 0.4174398148148148 0.15277604166666667 0.30709722222222224
1 0.07204947916666667 0.23919907407407406 0.1440963541666667 0.19135648148148146
2 0.029427083333333333 0.15648148148148147 0.029166666666666667 0.16157407407407406 0.03177083333333333 0.17175925925925925 0.03177083333333333 0.18101851851851852 0.03307291666666667 0.18888888888888888 0.03958333333333333 0.19305555555555556 0.04375 0.19305555555555556 0.046875 0.19027777777777777 0.05 0.18472222222222223 0.05078125 0.1824074074074074 0.05026041666666667 0.1787037037037037 0.04583333333333333 0.16805555555555557 0.04401041666666667 0.1574074074074074 0.04192708333333333 0.15231481481481482 0.04010416666666667 0.15092592592592594 0.03359375 0.15231481481481482 0.03046875 0.15416666666666667
2 0.022009635416666666 0.2735560185185185 0.025581510416666668 0.2884865740740741 0.03301458333333333 0.30650648148148146 0.03330416666666667 0.3101101851851852 0.03166328125 0.3128560185185185 0.027319010416666668 0.31646018518518515 0.022975000000000002 0.31937731481481485 0.01795520833333333 0.3209222222222222 0.015445572916666667 0.3209222222222222 0.013225260416666666 0.32023564814814814 0.009363802083333334 0.31646018518518515 0.008688020833333334 0.29741064814814816 0.005212760416666667 0.28093564814814814 0.005116406249999999 0.2787046296296296 0.007336458333333334 0.27544398148148147 0.010425781249999998 0.27321296296296294 0.013321614583333334 0.2723546296296296 0.016796875 0.27166805555555557 0.019692968749999998 0.27166805555555557
2 0.24644583333333334 0.20518564814814816 0.244215625 0.1895736111111111 0.24337942708333332 0.18783935185185185 0.2403127604166667 0.1866 0.23724609375 0.18684768518518519 0.23320364583333333 0.18833472222222222 0.22971875 0.19106064814814813 0.22930078125 0.19403425925925924 0.23153098958333332 0.2101421296296296 0.2309734375 0.22872777777777778 0.23362187499999998 0.2314537037037037 0.23863984375 0.23219675925925926 0.244215625 0.2317013888888889 0.24965208333333333 0.22699305555555555 0.25174296875 0.2210453703703704
2 0.27293046875000004 0.38459953703703703 0.27892447916666663 0.3798912037037037 0.28240911458333334 0.37592592592592594 0.2835244791666666 0.3704740740740741 0.27766979166666667 0.35139305555555556 0.2751606770833333 0.3320638888888889 0.27293046875000004 0.3288425925925926 0.26958515625 0.3278513888888889 0.2666578125 0.32760324074074076 0.26219739583333335 0.3295856481481481 0.25885182291666664 0.33280740740740744 0.25745807291666667 0.33578101851851855 0.2567609375 0.33801111111111115 0.2591307291666667 0.3568449074074074 0.25787604166666667 0.37592592592592594 0.25968828125 0.3816259259259259 0.26191848958333336 0.3836083333333334 0.2659609375 0.38559074074074073
2 0.48954635416666664 0.27952824074074073 0.49358880208333333 0.2782893518518519 0.49693437500000004 0.2755634259259259 0.5004190104166667 0.2696162037037037 0.49707369791666667 0.25127824074074073 0.49665546875 0.2314537037037037 0.49484348958333335 0.22897546296296295 0.49205546875 0.2274884259259259 0.48871015624999997 0.2264972222222222 0.48564348958333337 0.22674537037037037 0.48243749999999996 0.22872777777777778 0.4804859375 0.23219675925925926 0.47964973958333335 0.23393148148148146 0.4806252604166667 0.25103055555555553 0.47755859375000004 0.2708550925925926 0.47978906250000003 0.2743245370370371 0.4827161458333334 0.2772981481481482
2 0.5769455729166667 0.4450648148148148 0.5752729166666666 0.42424861111111106 0.5762486979166667 0.4192925925925926 0.5788971354166667 0.41582314814814814 0.5819638020833333 0.4130972222222222 0.5855880208333333 0.4121060185185185 0.58907265625 0.41161064814814813 0.5924182291666666 0.4130972222222222 0.5945091145833333 0.415575462962963 0.5954848958333333 0.41830138888888885 0.59757578125 0.4381259259259259 0.60356953125 0.4574550925925926 0.6041270833333333 0.46067685185185187 0.6023151041666667 0.4653851851851852 0.6000846354166666 0.4705888888888889 0.5967393229166666 0.47455416666666667 0.5918606770833333 0.4780231481481481 0.5875393229166667 0.47926250000000004 0.5826606770833334 0.47827129629629633 0.5782 0.4743060185185185 0.57513359375 0.4691023148148148
2 0.82464609375 0.3181865740740741 0.8272945312500001 0.2961314814814815 0.8247854166666666 0.2914231481481482 0.8214401041666667 0.2894407407407407 0.8175369791666667 0.2872106481481482 0.8136341145833333 0.2869625 0.8102885416666666 0.2882018518518518 0.8079190104166667 0.2899365740740741 0.8051309895833333 0.31124814814814816 0.7988583333333333 0.3323115740740741 0.79955546875 0.33652453703703705 0.8016463541666667 0.33949814814814816 0.8044341145833334 0.34222407407407407 0.8086158854166666 0.3456935185185185 0.8123794270833333 0.34668472222222224 0.8189309895833333 0.3456935185185185 0.82199765625 0.34495 0.8260401041666667 0.33974583333333336