1 0.515625 0.5779305555555555 0.18576302083333335 0.2484583333333333
1 0.5694453125 0.8263888888888888 0.2378463541666667 0.3163564814814815
1 0.359375 0.6658935185185185 0.17708333333333334 0.25154166666666666
1 0.3467890625 0.47839351851851847 0.15017447916666665 0.19444444444444445
1 0.1983515625 0.5393518518518519 0.1449661458333333 0.2114212962962963
1 0.2178828125 0.37654166666666666 0.12673697916666668 0.17592592592592593
1 0.07769270833333333 0.42592592592592593 0.14670052083333335 0.209875
1 0.10763802083333333 0.30400925925925926 0.11111197916666667 0.16049537037037037
1 0.040796874999999996 0.23996759259259262 0.08159635416666666 0.14660648148148148
2 0.5639802083333334 0.791836574074074 0.5597091145833333 0.7885824074074074 0.55686171875 0.7831587962962964 0.55564140625 0.776650462962963 0.55564140625 0.7705041666666667 0.5599124999999999 0.7603800925925926 0.5611328125 0.7517023148148148 0.56296328125 0.7470018518518518 0.5660140625000001 0.7444708333333333 0.5704885416666666 0.7448324074074074 0.5739458333333334 0.7488097222222223 0.5757763020833334 0.7549564814814814 0.5761830729166667 0.7585722222222222 0.5749627604166666 0.7679731481481481 0.57658984375 0.7755657407407407 0.5763864583333334 0.7817125 0.5743526041666667 0.7885824074074074 0.5708953124999999 0.7925597222222223
2 0.5170364583333333 0.5181087962962962 0.5180018229166666 0.5105578703703704 0.5180981770833334 0.5079837962962962 0.51693984375 0.5036930555555555 0.5150091145833333 0.5018055555555556 0.5132716145833334 0.5004324074074074 0.51076171875 0.49974583333333333 0.50854140625 0.5009472222222222 0.506996875 0.5030069444444444 0.5065140625 0.5045513888888888 0.5054523437499999 0.5139902777777778 0.5022666666666666 0.5211981481481481 0.5019770833333334 0.524287037037037 0.5021700520833333 0.5270328703703704 0.5028458333333333 0.5292638888888889 0.5038111979166666 0.5320097222222222 0.5048731770833333 0.5344125 0.5064177083333333 0.536300462962963 0.5089276041666666 0.5373300925925926 0.5118234375 0.5375013888888889 0.51471953125 0.5364717592592593 0.516746875 0.5332111111111112 0.5175190104166666 0.5301222222222223 0.51780859375 0.5278912037037037
2 0.205040625 0.3354421296296296 0.20674947916666667 0.33620185185185186 0.2093734375 0.33587638888888893 0.21260755208333335 0.33424907407407406 0.21468255208333334 0.3322962962962963 0.21645208333333335 0.3283907407407407 0.21700130208333332 0.3245935185185185 0.21285182291666666 0.3184097222222222 0.2105328125 0.30951388888888887 0.21004479166666667 0.3077782407407408 0.20778671875 0.3064763888888889 0.2061390625 0.3060421296296297 0.20388124999999999 0.3065847222222222 0.20205052083333333 0.3085375 0.20040286458333334 0.31059861111111114 0.19991458333333334 0.3128768518518518 0.20284375 0.3231833333333333 0.20308802083333333 0.3332726851851852
2 0.06778098958333333 0.38263703703703705 0.07033385416666667 0.3798902777777778 0.07228177083333334 0.3765462962962963 0.07335677083333333 0.3745162037037037 0.07375963541666668 0.37272500000000003 0.07315520833333333 0.37093333333333334 0.06764661458333333 0.3638875 0.06361614583333333 0.3537365740740741 0.061869531250000005 0.35182546296296296 0.059048177083333334 0.3519449074074074 0.056562499999999995 0.3527810185185185 0.05488307291666667 0.35457222222222223 0.05347239583333333 0.35696064814814815 0.05253203125000001 0.3607824074074074 0.0564953125 0.37057546296296295 0.057771875 0.38156249999999997 0.05931692708333333 0.3839509259259259 0.06146640625 0.38478703703703704 0.06442213541666666 0.38454814814814814
2 0.104728125 0.24876203703703706 0.10257838541666667 0.24279074074074075 0.10177239583333333 0.24028287037037036 0.10036171875000001 0.2394467592592593 0.09740598958333332 0.23908842592592594 0.095121875 0.24004398148148148 0.09344244791666667 0.2419546296296296 0.09263645833333332 0.24410416666666665 0.095390625 0.2541361111111111 0.09599505208333332 0.2632125 0.09760729166666667 0.2657203703703704 0.09989140625000001 0.26667546296296296 0.10277994791666667 0.2663175925925926 0.10654192708333333 0.26368981481481485 0.10882578125 0.2609430555555555 0.10929609375 0.2587935185185185 0.10849010416666666 0.2559273148148148
2 0.017160937499999997 0.20572592592592592 0.0197203125 0.20483055555555557 0.022111979166666667 0.20221990740740742 0.0240421875 0.19975833333333334 0.022363802083333332 0.19647638888888888 0.019552604166666664 0.1912550925925926 0.016615364583333334 0.18208009259259259 0.015021093749999999 0.18088657407407407 0.013048958333333333 0.18066296296296297 0.01069921875 0.18125972222222222 0.008391666666666665 0.18357175925925925 0.007888020833333334 0.1864810185185185 0.008223697916666666 0.18871898148148147 0.010657291666666667 0.19446249999999998 0.012335677083333333 0.20304074074074074 0.013804166666666668 0.2049050925925926