1 0.9072239583333332 0.8633657407407407 0.18555208333333334 0.27326388888888886
1 0.7599505208333334 0.6558194444444444 0.21204166666666666 0.2386574074074074
1 0.5984270833333334 0.8513287037037036 0.2459296875 0.2973472222222222
1 0.4770572916666667 0.6435509259259259 0.20095833333333332 0.24904166666666663
1 0.3358671875 0.8408703703703704 0.23284375 0.2860648148148148
1 0.261890625 0.6471990740740741 0.20003125 0.2310509259259259
1 0.10548958333333333 0.8373425925925926 0.21097916666666666 0.2814212962962963
1 0.08076822916666666 0.6268657407407408 0.16153645833333333 0.23252777777777778
2 0.040296875 0.5937078703703704 0.04555026041666667 0.5928583333333334 0.050226041666666665 0.5884712962962962 0.053083593750000005 0.5833921296296296 0.05503203125 0.578312962962963 0.054772135416666666 0.5730027777777777 0.04762838541666667 0.5658453703703704 0.04243307291666667 0.5570717592592593 0.04074453125 0.5545324074074074 0.03658802083333333 0.5552250000000001 0.03269140625 0.5582263888888889 0.03087317708333333 0.5603041666666667 0.029184635416666667 0.5633055555555556 0.028145572916666663 0.5683851851851852 0.029963802083333334 0.5730027777777777 0.037107552083333335 0.5820069444444445
2 0.475225 0.6064513888888888 0.47842604166666663 0.6054375 0.48180703124999996 0.6023472222222221 0.4836421875 0.5982263888888889 0.48431822916666667 0.5939337962962963 0.4840286458333333 0.5901564814814815 0.4814205729166667 0.5836319444444444 0.48113072916666666 0.575562037037037 0.4804546875 0.5714412037037038 0.4794885416666667 0.5693810185185185 0.4770739583333333 0.5678356481481482 0.47407942708333334 0.5673203703703704 0.47118177083333335 0.5681791666666667 0.46963619791666666 0.5700675925925925 0.46876692708333334 0.5736731481481482 0.46867031249999996 0.5832884259259259 0.4677044270833333 0.5882675925925925 0.46702812499999996 0.5923884259259259 0.46712473958333334 0.5963375 0.4682838541666667 0.5999430555555555 0.47031223958333335 0.6035490740740741 0.4723408854166667 0.6061245370370371
2 0.60072578125 0.782900925925926 0.5981481770833333 0.7842046296296297 0.5958299479166667 0.7860935185185185 0.5941880208333333 0.7900425925925926 0.5929322916666667 0.7977689814814815 0.59080703125 0.8012027777777777 0.5893583333333333 0.8056671296296296 0.5885854166666667 0.8103027777777777 0.5888752604166666 0.8163125 0.5899377604166667 0.8218064814814815 0.5923526041666667 0.8262708333333333 0.5958299479166667 0.8297046296296297 0.6005630208333332 0.8303916666666666 0.6057791666666666 0.828674537037037 0.6087734375 0.8243819444444445 0.6109950520833334 0.8194027777777778 0.6112848958333333 0.8151106481481482 0.6096427083333332 0.8082425925925927 0.6089666666666667 0.8051518518518518 0.6092565104166667 0.8006875 0.6094497395833333 0.7950217592592593 0.608290625 0.7903856481481482 0.6066484375000001 0.7867800925925925 0.60481328125 0.7847199074074074