1 0.0060768234375 0.591050925 0.1796888015625 0.591050925 0.1796888015625 0.37345833333333334 0.0060768234375 0.37345833333333334 0.0060768234375 0.591050925
1 0.056423176562499996 0.8024675916666666 0.2430559890625 0.8024675916666666 0.2430559890625 0.5570972222222222 0.056423176562499996 0.5570972222222222 0.056423176562499996 0.8024675916666666
1 0.1857643234375 0.5956805555555555 0.36631901093749997 0.5956805555555555 0.36631901093749997 0.37808796388888893 0.1857643234375 0.37808796388888893 0.1857643234375 0.5956805555555555
1 0.2526041671875 0.8024699083333333 0.4557291671875 0.8024699083333333 0.4557291671875 0.5462986111111111 0.2526041671875 0.5462986111111111 0.2526041671875 0.8024699083333333
1 0.3767356765625 0.6033935194444444 0.57551953125 0.6033935194444444 0.57551953125 0.34876388888888893 0.3767356765625 0.34876388888888893 0.3767356765625 0.6033935194444444
1 0.4748268234375 0.8240763888888889 0.69791796875 0.8240763888888889 0.69791796875 0.5385810194444444 0.4748268234375 0.5385810194444444 0.4748268234375 0.8240763888888889
1 0.6467018234374999 0.5956782416666666 0.8715273437500001 0.5956782416666666 0.8715273437500001 0.3472199083333333 0.6467018234374999 0.3472199083333333 0.6467018234374999 0.5956782416666666
1 1 0.5524675916666666 0.7890625 0.5524675916666666 0.7890625 0.8533935194444445 1 0.8533935194444445 1 0.5524675916666666
2 0.0699755203125 0.4674606472222222 0.07114947968749999 0.4676925916666667 0.07317109375 0.4674606472222222 0.07532317656250001 0.4659537027777778 0.0772796875 0.46317083333333336 0.0796927078125 0.45992500000000003 0.08067083281250001 0.4570263888888889 0.080996875 0.45470740833333334 0.080996875 0.45099768611111113 0.0802143234375 0.44705555555555554 0.0787796875 0.44450509166666663 0.0704973953125 0.4412587972222223 0.0635846359375 0.43523009166666665 0.0629322921875 0.4353458333333334 0.06143255156250001 0.4354620361111111 0.0603236984375 0.43650555555555554 0.057584895312499995 0.4395199083333334 0.05628046875 0.4427662027777778 0.0554979171875 0.44589629722222224 0.0554979171875 0.44914259166666665 0.0564109375 0.45169305555555556 0.06449765625000001 0.459113425 0.0699755203125 0.4674606472222222
2 0.47119218749999997 0.42498148055555557 0.46925703125 0.42334305555555557 0.46713750000000004 0.4230152777777778 0.46483359375 0.42367083333333333 0.4627140625 0.42596435277777783 0.46170026093749994 0.4287495361111111 0.4610552078125 0.43202592500000003 0.46243749999999995 0.4416921305555555 0.46142369843750003 0.44627963055555553 0.4615158859375 0.4498837972222222 0.46216093750000004 0.4531606472222222 0.4638197921875 0.456600925 0.4661236984375 0.4585671305555556 0.46842760468750005 0.45987777777777783 0.4727588546875 0.4592222222222222 0.47626093750000004 0.45397963055555557 0.47755104218750005 0.4498837972222222 0.47810390625 0.4449689805555555 0.47755104218750005 0.44152824166666665 0.4745098953125 0.436613425 0.47248255156249996 0.42727499999999996 0.47119218749999997 0.42498148055555557
2 0.58924375 0.6771194444444445 0.5923770828125 0.6741703694444444 0.5938515625 0.6707300916666666 0.5942203125 0.6674532416666666 0.5945888015625 0.6641768527777778 0.5934830734375 0.6584425916666666 0.5912713546874999 0.6532 0.5910869796875 0.6500870361111111 0.5899809890625 0.6473018527777779 0.5879536453124999 0.6440254638888889 0.5861104171875 0.6427148138888888 0.5830692703125 0.642550925 0.5815947921875 0.6430421305555556 0.5796596359375 0.6446805555555556 0.5786458328124999 0.6468106472222223 0.5776322921875 0.6495953694444444 0.5759734375 0.651725463888889 0.5747752609375001 0.654674536111111 0.5740380203125001 0.6587703694444444 0.5740380203125001 0.6635212972222223 0.5744989578124999 0.6672893527777778 0.5755125 0.670238425 0.5768028640625 0.6743342583333334 0.5786458328124999 0.6771194444444445 0.58058125 0.6789217583333333 0.5833458328125001 0.6794129638888888 0.58924375 0.6771194444444445