2 0.61465546875 0.7443597222222221 0.617153125 0.7390319444444444 0.6186518234375 0.7328157416666667 0.6186518234375 0.7241578694444445 0.6167786453125 0.7159439805555555 0.6130317703125 0.712836111111111 0.6094098953125 0.7112819444444445 0.6049140625 0.7106162027777778 0.6015419265624999 0.7123921305555555 0.5989192703125 0.7166101861111112 0.5976703125 0.7223819444444445 0.5975453125 0.7283759249999999 0.5982947921874999 0.7348138888888889 0.6000432296875 0.7396981472222223 0.603040625 0.7452476861111111 0.6074375 0.7472310194444445 0.6116580734375 0.747024075 0.61465546875 0.7443597222222221
2 0.490290625 0.4899745361111111 0.49266354218749997 0.4864222222222222 0.4940375 0.48242638888888884 0.4945369796875 0.47554444444444444 0.4934130203125 0.4695504638888889 0.49203906249999996 0.46533240833333334 0.49104010468750003 0.4600046305555555 0.48954140625000003 0.4566745361111111 0.4872932296875 0.45401064722222223 0.48504531249999994 0.45401064722222223 0.48242265624999997 0.4546763888888889 0.4801744796875 0.4571185194444445 0.47880078125000003 0.4608925916666667 0.4779265625 0.46533240833333334 0.4774268234375 0.4682185194444445 0.476178125 0.4702166666666666 0.47492916718749995 0.4737685194444445 0.47492916718749995 0.4784305555555556 0.4755536453125 0.4837583333333333 0.47680260468749996 0.48775463055555557 0.4789255203125 0.49108425833333336 0.4826802078125 0.49344166666666667 0.48666875000000004 0.4937486111111111 0.490290625 0.4899745361111111
2 0.0219028640625 0.4653254638888889 0.0271484375 0.471763425 0.030270573437499997 0.4722074083333333 0.03326796875 0.4702092583333333 0.0353911453125 0.46554768611111114 0.0371395828125 0.46021944444444446 0.03863828125 0.4524495361111111 0.0380138015625 0.44778749999999995 0.0363901046875 0.44401342499999996 0.034017187500000004 0.44379166666666664 0.030270573437499997 0.4433476861111111 0.02802265625 0.4422375 0.0227770828125 0.4389074083333333 0.01903046875 0.43713148055555556 0.0160330734375 0.4364657416666667 0.01366015625 0.4366875 0.01178671875 0.43801944444444446 0.009538801562500001 0.44201574166666663 0.008164843750000001 0.44645555555555555 0.007540625 0.45045138888888886 0.0080401046875 0.45444768611111114 0.0092890625 0.45688935277777776 0.01264140625 0.45900046388888893 0.0194052078125 0.46310555555555555 0.0219028640625 0.4653254638888889
1 0 0.5935578694444444 0.1539635421875 0.5935578694444444 0.1539635421875 0.3559976861111111 0 0.3559976861111111 0 0.5935578694444444
1 0.02334375 0.8430416666666667 0.23586458281249997 0.8430416666666667 0.23586458281249997 0.5754398138888889 0.02334375 0.5754398138888889 0.02334375 0.8430416666666667
1 0.1615924484375 0.6093101861111111 0.36628776093750004 0.6093101861111111 0.36628776093750004 0.375949075 0.1615924484375 0.375949075 0.1615924484375 0.6093101861111111
1 0.2464296875 0.8515393527777778 0.4670651046875 0.8515393527777778 0.4670651046875 0.5770347222222222 0.2464296875 0.5770347222222222 0.2464296875 0.8515393527777778
1 0.3815377609375 0.6230902777777778 0.5931393234375 0.6230902777777778 0.5931393234375 0.3671689805555556 0.3815377609375 0.3671689805555556 0.3815377609375 0.6230902777777778
1 0.4892643234375 0.8794699083333334 0.7250846359375 0.8794699083333334 0.7250846359375 0.5906041666666667 0.4892643234375 0.5906041666666667 0.4892643234375 0.8794699083333334
1 0.67509375 0.637238425 0.9033802078125 0.637238425 0.9033802078125 0.3799375 0.67509375 0.3799375 0.67509375 0.637238425
1 0.8164856765625 0.9222569444444444 0.9999986984375001 0.9222569444444444 0.9999986984375001 0.6177337972222222 0.8164856765625 0.6177337972222222 0.8164856765625 0.9222569444444444