1 0.0000013015624999999999 0.5092569444444445 0.1414934890625 0.5092569444444445 0.1414934890625 0.21141898055555555 0.0000013015624999999999 0.21141898055555555 0.0000013015624999999999 0.5092569444444445
1 0.1336796875 0.6018541666666667 0.3706588546875 0.6018541666666667 0.3706588546875 0.27932175833333334 0.1336796875 0.27932175833333334 0.1336796875 0.6018541666666667
1 0.3671875 0.7500023138888889 0.6822916671875 0.7500023138888889 0.6822916671875 0.35802546388888884 0.3671875 0.35802546388888884 0.3671875 0.7500023138888889
1 0.6970481765625001 0.9537037027777777 0.9999986984375001 0.9537037027777777 0.9999986984375001 0.46296296388888886 0.6970481765625001 0.46296296388888886 0.6970481765625001 0.9537037027777777
1 0.6015611984375 0.6234583333333333 0.9157981765625 0.6234583333333333 0.9157981765625 0.2669768527777778 0.6015611984375 0.2669768527777778 0.6015611984375 0.6234583333333333
1 0.34114453125 0.41512499999999997 0.5850690109375 0.41512499999999997 0.5850690109375 0.19753240833333333 0.34114453125 0.19753240833333333 0.34114453125 0.41512499999999997
1 0.14496614531250002 0.3163587972222222 0.3402786453125 0.3163587972222222 0.3402786453125 0.155863425 0.14496614531250002 0.155863425 0.14496614531250002 0.3163587972222222
1 0.0000013015624999999999 0.2577152777777778 0.15191015624999998 0.2577152777777778 0.15191015624999998 0.1172847222222222 0.0000013015624999999999 0.1172847222222222 0.0000013015624999999999 0.2577152777777778
2 0.0645833328125 0.1662037027777778 0.06796875 0.16666666666666666 0.0703125 0.1648148138888889 0.0734375 0.15324074166666665 0.0674479171875 0.12824074166666666 0.0640625 0.1254629638888889 0.0596354171875 0.12592592500000002 0.0546875 0.13009259166666667 0.058333332812500006 0.16064814722222223 0.0645833328125 0.1662037027777778
2 0.017708332812499998 0.25462963055555554 0.0182291671875 0.2652777777777778 0.0208333328125 0.26944444444444443 0.029427082812499998 0.275925925 0.034375 0.275 0.0385416671875 0.2578703694444444 0.0338541671875 0.24629629722222224 0.0299479171875 0.2282407416666667 0.02578125 0.225 0.021875 0.2254629638888889 0.0169270828125 0.2282407416666667 0.0151041671875 0.23194444444444445 0.01484375 0.2370370361111111 0.017708332812499998 0.25462963055555554
2 0.2265625 0.20185185277777778 0.2309895828125 0.20648148055555554 0.2377604171875 0.20648148055555554 0.24244791718749997 0.19629629722222222 0.2377604171875 0.16666666666666666 0.234375 0.16203703611111112 0.22734375 0.16296296388888887 0.22395833281250002 0.16666666666666666 0.2234375 0.17222222222222222 0.2265625 0.20185185277777778
2 0.2265625 0.3347222222222222 0.2309895828125 0.3398148138888889 0.23359375 0.3402777777777778 0.24114583281250002 0.3370370361111111 0.2466145828125 0.3277777777777778 0.24635416718749997 0.32314814722222224 0.23802083281250003 0.2861111111111111 0.23411458281250003 0.2833333333333333 0.23020833281250003 0.2837962972222222 0.22526041718749998 0.2861111111111111 0.22291666718749997 0.28981481388888886 0.2234375 0.30787036944444446 0.2265625 0.3347222222222222
2 0.44244791718750004 0.2513888888888889 0.44947916718750003 0.2578703694444444 0.45625 0.25555555555555554 0.46171875 0.24490740833333335 0.4583333328125 0.2263888888888889 0.45677083281249997 0.20879629722222223 0.45390625 0.20648148055555554 0.4486979171875 0.20648148055555554 0.44296875 0.20972222222222223 0.4419270828125 0.2129629638888889 0.44166666718750003 0.2481481472222222 0.44244791718750004 0.2513888888888889
2 0.496875 0.42453703611111115 0.49765625 0.42962963055555553 0.5057291671875 0.43657407499999995 0.5119791671875 0.43796296388888883 0.5205729171875 0.4287037027777778 0.52265625 0.424074075 0.52265625 0.41435185277777775 0.5190104171875001 0.4013888888888889 0.5166666671875 0.37731481388888893 0.5083333328124999 0.3712962972222222 0.5013020828125 0.37453703611111117 0.49713541718750004 0.3800925916666667 0.49817708281249995 0.40509259166666667 0.496875 0.42453703611111115
2 0.7369791671875 0.3254629638888889 0.74296875 0.3333333333333333 0.7518229171875 0.33518518611111114 0.75859375 0.32962963055555555 0.76015625 0.325 0.7598958328125 0.3046296305555556 0.7622395828124999 0.28981481388888886 0.7604166671875 0.28009259166666667 0.7583333328124999 0.2773148138888889 0.753125 0.275 0.7479166671875 0.2754629638888889 0.7440104171875 0.2791666666666667 0.7393229171875 0.3046296305555556 0.7356770828125 0.31527777777777777 0.7356770828125 0.32129629722222225 0.7369791671875 0.3254629638888889
2 0.8958333328125001 0.55 0.9083333328125001 0.5680555555555555 0.9111979171875 0.5694444444444444 0.92578125 0.5583333333333333 0.92890625 0.5504629638888888 0.9268229171875 0.5296296305555556 0.9307291671875 0.5013888888888889 0.93046875 0.49675925833333334 0.9270833328125001 0.4912037027777778 0.921875 0.48703703611111115 0.9098958328125001 0.4861111111111111 0.90703125 0.4875 0.9049479171874999 0.49212963055555553 0.8994791671875 0.5217592583333334 0.8934895828125 0.5375 0.8932291671874999 0.5430555555555555 0.8958333328125001 0.55