1 0.7490601861111111 1 0.7490601861111111 0.5725611984375 0.2606805555555555 0.5725611984375 0.2606805555555555 1 0.7490601861111111 1
1 0.5324074083333333 0.81862109375 0.8689814805555555 0.81862109375 0.8689814805555555 0.4921861984375 0.5324074083333333 0.4921861984375 0.5324074083333333 0.81862109375
1 0.41367592500000006 0.5546770828125 0.7937592583333333 0.5546770828125 0.7937592583333333 0.2346875 0.41367592500000006 0.2346875 0.41367592500000006 0.5546770828125
1 0.7607037027777779 0.4811627609375 0.8873333333333333 0.4811627609375 0.8873333333333333 0.24680078125 0.7607037027777779 0.24680078125 0.7607037027777779 0.4811627609375
1 0.527886575 0.24118229218749998 0.8649745361111111 0.24118229218749998 0.8649745361111111 0.016593749999999997 0.527886575 0.016593749999999997 0.527886575 0.24118229218749998
1 0.783261575 0.2504205734375 0.9327939805555556 0.2504205734375 0.9327939805555556 0.0623294265625 0.783261575 0.0623294265625 0.783261575 0.2504205734375
2 0.8567949083333334 0.12066744843749999 0.8607800916666667 0.11938645781249999 0.8622037027777777 0.11538359375 0.8607800916666667 0.1102598953125 0.8590722222222222 0.10481614531250001 0.8553712972222223 0.10097343750000001 0.8337351861111112 0.10433567656250001 0.8132379638888889 0.10401562499999999 0.8098217583333334 0.1046559890625 0.8075439805555555 0.10785833281249999 0.8061208333333334 0.1120213546875 0.8072592583333333 0.1174651046875 0.8098217583333334 0.12306927031249999 0.8138074083333333 0.1283528640625 0.8174430555555555 0.1305653640625 0.8391439805555556 0.1232294265625 0.8567949083333334 0.12066744843749999
2 0.9276814805555555 0.14852734375 0.9299587972222222 0.14580546875 0.9285351861111112 0.1384401046875 0.9268273138888888 0.1347575515625 0.9248347222222222 0.1331565109375 0.9080379638888889 0.1353979171875 0.8912416666666666 0.1349177078125 0.8881101861111111 0.13619869843750002 0.8861171305555555 0.1395609375 0.8892490749999999 0.15253020781249998 0.8944888888888889 0.1552296875 0.9103157416666666 0.15060885468750002 0.9276814805555555 0.14852734375
2 0.8260995361111111 0.3847395828125 0.8283356472222222 0.38240390625 0.8289745361111112 0.37863046875 0.8280162027777778 0.3732403640625 0.8257800916666665 0.368209375 0.8235439805555557 0.3642565109375 0.8200296305555556 0.3629986984375 0.7954305555555556 0.365334375 0.7676370361111111 0.3635377609375 0.7638032416666667 0.3662328125 0.7618865749999999 0.3705450515625 0.7615671305555556 0.3753963546875 0.7638032416666667 0.3834817703125 0.7663592583333334 0.3895908859375 0.7695537027777778 0.39228593749999996 0.7760282416666666 0.394825 0.8005421305555557 0.3876143234375 0.8260995361111111 0.3847395828125
2 0.9177657416666667 0.3595174484375 0.9205717583333333 0.35672578125 0.9214347222222222 0.3510205734375 0.9205717583333333 0.3472578125 0.9188449083333334 0.3434947921875 0.9171185194444444 0.34240234375 0.8979101861111111 0.3431307296875 0.8774074083333333 0.3405817703125 0.8741699083333333 0.3426453125 0.8724435194444443 0.3481075515625 0.8720120361111111 0.3559973953125 0.8737384250000001 0.3612169265625 0.8789180555555556 0.36400859375 0.8974787027777777 0.360003125 0.9067587972222223 0.3598817703125 0.9177657416666667 0.3595174484375
2 0.9011930555555556 0.6554851562499999 0.9020374999999999 0.6490755203125 0.901826388888889 0.6431408859375 0.8999268527777777 0.6395799484375 0.8971833333333333 0.6376809890625 0.8737578694444446 0.6373247390625 0.849488425 0.6332890625 0.8454782416666666 0.6349507812499999 0.8437902777777778 0.6373247390625 0.8427347222222222 0.6415979171874999 0.8429458333333334 0.65038125 0.8435791666666665 0.6547729171875 0.8452675916666667 0.6580963546875 0.847588888888889 0.6598768234375 0.8505435194444445 0.6614197921875 0.8748407416666666 0.6577124999999999 0.898449536111111 0.6577403640624999 0.9011930555555556 0.6554851562499999
2 0.7788865749999999 0.8055125000000001 0.782052313888889 0.80373203125 0.784374075 0.80005234375 0.786062036111111 0.7954231765625 0.7866953694444444 0.7883015624999999 0.7847958333333334 0.7826041671875 0.7822634249999999 0.7788059890625 0.7803638888888889 0.7777377609375 0.7782537027777778 0.7772630203124999 0.749552313888889 0.7756013015625001 0.7178958333333333 0.7685981765625 0.7138861111111112 0.7694291671875 0.7088212972222222 0.771684375 0.704600463888889 0.7776190109375001 0.7022791666666667 0.78331640625 0.7018569444444445 0.7888950515625 0.7022791666666667 0.7950671875 0.7033342583333333 0.80005234375 0.7058666666666666 0.8045627609375 0.7130421305555557 0.8084796875 0.7478402777777778 0.80489765625 0.7765652777777777 0.8059872390624999 0.7788865749999999 0.8055125000000001