1 0.0364583328125 0.5833356472222222 0.203125 0.5833356472222222 0.203125 0.3950625 0.0364583328125 0.3950625 0.0364583328125 0.5833356472222222
1 0.06683984375 0.7438263888888889 0.2499986984375 0.7438263888888889 0.2499986984375 0.5200625 0.06683984375 0.5200625 0.06683984375 0.7438263888888889
1 0.20659765624999998 0.5956782416666666 0.3689231765625 0.5956782416666666 0.3689231765625 0.4166643527777778 0.20659765624999998 0.4166643527777778 0.20659765624999998 0.5956782416666666
1 0.25347265625 0.7268541666666667 0.43489713593749996 0.7268541666666667 0.43489713593749996 0.5200625 0.25347265625 0.5200625 0.25347265625 0.7268541666666667
1 0.3732643234375 0.5987662027777778 0.5312513015625 0.5987662027777778 0.5312513015625 0.4074097222222222 0.3732643234375 0.4074097222222222 0.3732643234375 0.5987662027777778
1 0.44965234374999996 0.7438263888888889 0.63020703125 0.7438263888888889 0.63020703125 0.5154328694444444 0.44965234374999996 0.5154328694444444 0.44965234374999996 0.7438263888888889
1 0.5833333328125 0.5987662027777778 0.7447916671875 0.5987662027777778 0.7447916671875 0.41666898055555557 0.5833333328125 0.41666898055555557 0.5833333328125 0.5987662027777778
1 0.6953111984375 0.7484583333333333 0.8871523437500001 0.7484583333333333 0.8871523437500001 0.5308657416666667 0.6953111984375 0.5308657416666667 0.6953111984375 0.7484583333333333
2 0.5338546875 0.5718949083333333 0.5338546875 0.5763499999999999 0.5356296875 0.5817328694444445 0.53938828125 0.5852597222222222 0.5451309890625 0.5839601861111111 0.5478458328125 0.5798768527777778 0.5484721359375 0.5752361111111112 0.5469059890625 0.5663263888888889 0.5473236984375001 0.5561175916666667 0.5448177078125 0.5507342583333333 0.5402236984375001 0.5498064805555555 0.5369791671875 0.5537037027777778 0.5360471359375001 0.5652129638888889 0.5338546875 0.5718949083333333
2 0.44667135468749997 0.45217036944444444 0.448759375 0.4558824083333334 0.452309375 0.45662499999999995 0.455859375 0.4556972222222222 0.45878281249999997 0.4510564805555556 0.45867864531249997 0.4473439805555556 0.45679921874999996 0.4401050916666667 0.45679921874999996 0.4311953694444445 0.4557291671875 0.4287037027777778 0.45338541718750003 0.42685185277777776 0.44947916718750003 0.4273148138888889 0.44761093750000003 0.430824075 0.44761093750000003 0.44140416666666665 0.4457315109375 0.44882916666666667 0.44667135468749997 0.45217036944444444
2 0.1032627609375 0.4317518527777778 0.1046875 0.4356481472222222 0.10462005156250001 0.44326064722222225 0.1068127609375 0.4467870361111111 0.1103627609375 0.44845786944444443 0.11485234375 0.4462305555555556 0.1179846359375 0.44344629722222223 0.11975963593750001 0.43880555555555556 0.1192375 0.4354643527777778 0.11516562500000001 0.4295245361111111 0.11192890625 0.419686575 0.1093184890625 0.41764490833333334 0.104515625 0.41894444444444445 0.1020833328125 0.4222222222222222 0.1010700515625 0.42506990833333336 0.1032627609375 0.4317518527777778