1 0.5631875 0.6127152777777778 0.7107239578125 0.6127152777777778 0.7107239578125 0.44084027777777773 0.5631875 0.44084027777777773 0.5631875 0.6127152777777778
1 0.6156484375 0.48157638888888893 0.7473880203125 0.48157638888888893 0.7473880203125 0.3695717583333333 0.6156484375 0.3695717583333333 0.6156484375 0.48157638888888893
1 0.47707682343749996 0.5199652777777778 0.6076158859375 0.5199652777777778 0.6076158859375 0.37265509166666666 0.47707682343749996 0.37265509166666666 0.47707682343749996 0.5199652777777778
1 0.3976458328125 0.623113425 0.5486875 0.623113425 0.5486875 0.44611805555555556 0.3976458328125 0.44611805555555556 0.3976458328125 0.623113425
1 0.33009374999999996 0.5259606472222222 0.4647916671875 0.5259606472222222 0.4647916671875 0.37485416666666665 0.33009374999999996 0.37485416666666665 0.33009374999999996 0.5259606472222222
1 0.22468359375000002 0.6224814805555555 0.38298307343750004 0.6224814805555555 0.38298307343750004 0.445675925 0.22468359375000002 0.445675925 0.22468359375000002 0.6224814805555555
1 0.1776666671875 0.5169328694444444 0.320453125 0.5169328694444444 0.320453125 0.37661342500000006 0.1776666671875 0.37661342500000006 0.1776666671875 0.5169328694444444
1 0.018808593749999998 0.48746064722222227 0.1682174484375 0.48746064722222227 0.1682174484375 0.37528935277777775 0.018808593749999998 0.37528935277777775 0.018808593749999998 0.48746064722222227
1 0.03909765625 0.6333912027777778 0.21140234375000003 0.6333912027777778 0.21140234375000003 0.45139583333333333 0.03909765625 0.45139583333333333 0.03909765625 0.6333912027777778
2 0.0935942703125 0.39866527777777777 0.09564739531250001 0.39519814722222224 0.0955447921875 0.3928263888888889 0.09154140625 0.3851625 0.0895908859375 0.37877638888888887 0.08846171875 0.3764041666666667 0.0858955734375 0.3749444444444444 0.0830213546875 0.37530925833333334 0.0797364578125 0.3776814805555555 0.0785046875 0.38060092500000003 0.0786072921875 0.38333796388888886 0.080865625 0.3902717583333334 0.0812763015625 0.3962930555555556 0.0812763015625 0.39976018611111114 0.0828161453125 0.4017671305555556 0.0867317703125 0.4023606472222222 0.0904122390625 0.4017671305555556 0.0935942703125 0.39866527777777777
2 0.10981328125 0.459974075 0.10858151093749999 0.4632583333333333 0.10847890625 0.46672546388888886 0.11083984375 0.4760310194444445 0.11135312500000001 0.48679675833333336 0.1136111984375 0.4893513888888889 0.1159723953125 0.490263425 0.1198729171875 0.4888037027777778 0.1219260421875 0.48716157499999996 0.1244924484375 0.48497222222222225 0.12675078125 0.4802277777777778 0.1269559890625 0.47785601944444445 0.1259294265625 0.4758486111111111 0.12202864531249999 0.4689148138888889 0.1197703125 0.46070416666666664 0.1186411453125 0.45869675833333334 0.11586953124999999 0.4577847222222223 0.11259296875 0.45737083333333334 0.10981328125 0.459974075
2 0.2505294265625 0.401475 0.2522744796875 0.39928518611111113 0.2525825515625 0.3965481472222222 0.24950286406250002 0.38815463055555555 0.2485791671875 0.38304583333333336 0.24827109374999998 0.3797611111111111 0.2476552078125 0.3783013888888889 0.2452942703125 0.37757175833333334 0.2427278640625 0.377936575 0.24098281250000003 0.37866666666666665 0.2396484375 0.37994351944444443 0.23862187499999998 0.38231574166666665 0.2403669265625 0.3912564805555555 0.23985364531250003 0.4000152777777778 0.2407776046875 0.40275231388888894 0.24283046874999997 0.40402916666666666 0.2452872390625 0.4043685194444444 0.2480658859375 0.40366435277777774 0.2505294265625 0.401475
2 0.29733828125 0.45402546388888887 0.2950799484375 0.4562148138888889 0.2944640625 0.4593171305555555 0.2959010421875 0.4699 0.29497734375 0.47847592499999997 0.2957984375 0.48139536944444444 0.2987752609375 0.4828550916666667 0.3012390625 0.4828550916666667 0.3039078125 0.48176018611111115 0.30647421874999997 0.4806657416666667 0.3081166671875 0.477563425 0.3090403640625 0.4751916666666666 0.30852734375 0.47245463055555553 0.30575572968750003 0.46552083333333333 0.3047291671875 0.4556675916666667 0.3024708328125 0.4531129638888889 0.2998328125 0.4529537027777778 0.29733828125 0.45402546388888887
2 0.4020197921875 0.3986800916666667 0.40304635468749994 0.39594351944444445 0.40273854218749994 0.39265879722222224 0.40119869843749995 0.38645509166666664 0.40078802031249994 0.37970370277777776 0.40037734374999995 0.37660185277777775 0.3989403640625 0.37532453611111116 0.3965794265625 0.3742296305555556 0.3942184890625 0.3745944444444445 0.3921653640625 0.37696666666666667 0.39175468750000003 0.37933888888888895 0.3921653640625 0.38791481388888893 0.39093359375 0.39594351944444445 0.39134427031249996 0.39886296388888887 0.39339713593750003 0.4008699083333333 0.3967278640625 0.40115601944444446 0.3996588546875 0.4005050916666667 0.4020197921875 0.3986800916666667
2 0.47962682343749996 0.4786773138888889 0.4807559890625 0.47539305555555555 0.4789080734375 0.46626944444444446 0.47870286406250007 0.45732870277777776 0.4781895828125 0.4545916666666666 0.4765471359375 0.4524018527777778 0.47408359375 0.45167222222222225 0.4718252609375 0.45221944444444445 0.46987500000000004 0.45349675833333336 0.4689510421875 0.45623379722222224 0.4689510421875 0.4666342583333334 0.46751380156250005 0.472838425 0.4674111984375 0.4755754638888889 0.46874583281250004 0.4783125 0.47069609375 0.4814143527777778 0.4736341140625 0.4822657416666667 0.47706041718750003 0.4814143527777778 0.47962682343749996 0.4786773138888889
2 0.5487924484375 0.3980435194444445 0.5498190109375 0.39512407499999996 0.5485872390625001 0.3865481472222222 0.54899765625 0.37888425833333333 0.54899765625 0.3763300916666667 0.5482791671875 0.37468796388888886 0.54561015625 0.37304536944444444 0.54324921875 0.37304536944444444 0.5415041671874999 0.37432268611111114 0.5402723953125 0.3768773138888889 0.53986171875 0.3852708333333333 0.5380140625000001 0.39348194444444445 0.5379114578124999 0.3954888888888889 0.5396565109375 0.398225925 0.5437624999999999 0.40041574166666666 0.5464315109375 0.40005046388888893 0.5487924484375 0.3980435194444445
2 0.645571875 0.4754268527777778 0.6473169265625 0.472325 0.6460851562500001 0.46283657500000003 0.64741953125 0.4526185194444444 0.6470091140625 0.4500638888888889 0.6445453125 0.4473268527777778 0.6411578125 0.44586713055555555 0.63828359375 0.44696203611111107 0.63694921875 0.44969907500000006 0.6360252609375 0.45900463055555557 0.6351015624999999 0.46247175833333337 0.6340749999999999 0.4664861111111111 0.6343830734375 0.4708652777777778 0.6357174484375 0.47414953611111116 0.6399817703124999 0.47704583333333334 0.64238984375 0.47670416666666665 0.645571875 0.4754268527777778
2 0.6889932296875 0.39514120277777776 0.6905330734375 0.39295185277777783 0.6902250000000001 0.384375925 0.6913541671875 0.3763472222222223 0.6912515625 0.37415740833333333 0.6899171875000001 0.37196805555555557 0.6885825515625 0.3708731472222222 0.6862216140624999 0.3705083333333334 0.6844765625 0.37069074166666666 0.68262890625 0.37288009166666664 0.6816023437500001 0.37944907499999997 0.6800627609375 0.38474074166666666 0.6794466140625001 0.38802499999999995 0.6798572921875 0.3909444444444445 0.6809864578125 0.3936814805555556 0.6833471359375001 0.3957351861111111 0.6865296875 0.39605370277777774 0.6889932296875 0.39514120277777776