1 0.3411458333333333 0.4591018518518518 0.18576302083333335 0.20524537037037036
1 0.4114583333333333 0.621912037037037 0.2378463541666667 0.2839490740740741
1 0.5503489583333334 0.48533796296296294 0.203125 0.24537037037037038
1 0.6883671875 0.6373472222222223 0.2673619791666667 0.3055555555555556
1 0.7808151041666667 0.47993518518518524 0.22482552083333335 0.2376527777777778
1 0.9162317708333333 0.6836435185185186 0.1675338541666667 0.31790277777777776
2 0.3388200520833333 0.38312685185185186 0.33767604166666665 0.3729587962962963 0.33630338541666666 0.3701115740740741 0.33287187500000004 0.36929814814814815 0.3301265625 0.3705185185185185 0.32715234375 0.37255185185185186 0.32555078125 0.37702592592592593 0.32715234375 0.3884138888888889 0.32669479166666665 0.4010222222222222 0.3292114583333333 0.40508935185185185 0.3333294270833333 0.40630925925925926 0.33767604166666665 0.40549583333333333 0.3413364583333333 0.40224212962962963 0.34453932291666667 0.3993953703703704
2 0.40493489583333336 0.5054736111111111 0.4090026041666667 0.5065583333333333 0.41185 0.5098125 0.41307031250000004 0.5264449074074075 0.41774791666666666 0.538376388888889 0.41713776041666667 0.5445231481481482 0.41510416666666666 0.5481388888888888 0.4106296875 0.5510314814814815 0.4055450520833333 0.5521162037037036 0.40025703125 0.5499467592592593 0.39700286458333334 0.5456078703703703 0.39903671874999996 0.5315069444444445 0.39720625 0.5155976851851852 0.3984265625 0.5098125 0.4010705729166667 0.5072814814814816
2 0.5424216145833333 0.383625 0.5424216145833333 0.3944722222222222 0.5391674479166666 0.40821157407407405 0.5403877604166667 0.41291203703703705 0.54445546875 0.4161662037037037 0.5485231770833334 0.41797407407407405 0.552590625 0.41580462962962966 0.55564140625 0.41110416666666666 0.5540143229166666 0.3991722222222222 0.5542177083333333 0.38434814814814816 0.5534041666666667 0.3810939814814815 0.5513705729166667 0.3792861111111111 0.5489299479166667 0.378562962962963 0.5452690104166666 0.3792861111111111
2 0.6770609375000001 0.5557319444444445 0.6815354166666666 0.543438425925926 0.6833658854166667 0.5275296296296296 0.6858065104166666 0.5235523148148148 0.6894671875 0.5224675925925926 0.6939416666666667 0.5239138888888889 0.6969924479166667 0.5260833333333333 0.6998398437500001 0.5318685185185186 0.6978059895833333 0.5481388888888888 0.6996364583333333 0.5636865740740741 0.69861953125 0.5676638888888889 0.6947552083333334 0.5705560185185186 0.6902807291666666 0.572725462962963 0.6841794270833332 0.5712791666666667 0.6799083333333333 0.5665791666666666 0.6770609375000001 0.5611555555555555
2 0.7864807291666666 0.38181712962962966 0.7903450520833334 0.3829018518518518 0.79359921875 0.38507129629629633 0.7950229166666667 0.3890486111111111 0.7921755208333334 0.40314953703703704 0.7929890625 0.4172509259259259 0.7907518229166667 0.4212282407407407 0.78749765625 0.42339768518518517 0.7838369791666667 0.4237592592592593 0.7783455729166667 0.42158981481481483 0.7761083333333333 0.41797407407407405 0.7732609375 0.41327361111111116 0.7728541666666667 0.41110416666666666 0.7783455729166667 0.3998953703703704 0.7807861979166667 0.38543287037037033 0.7830234375 0.3821787037037037 0.7862773437499999 0.3810939814814815