1 0.2760416666666667 0.3811712962962963 0.13888802083333335 0.23148148148148148
1 0.4114583333333333 0.49382870370370374 0.17013802083333335 0.2716064814814815
1 0.6076380208333333 0.6689814814814815 0.234375 0.3225324074074074
1 0.8697916666666666 0.8456805555555555 0.2604166666666667 0.30863888888888885
1 0.8415807291666667 0.625 0.2960078125 0.28703703703703703
1 0.6015625 0.4436712962962963 0.20138802083333335 0.2175925925925926
1 0.4348958333333333 0.3433657407407407 0.14236197916666665 0.20524537037037036
1 0.3203125 0.2708333333333333 0.11284635416666666 0.18981481481481483
2 0.5853223958333333 0.3419055555555555 0.5856770833333333 0.3592592592592593 0.5841145833333333 0.37175925925925923 0.5853223958333333 0.37764166666666665 0.5906302083333334 0.38065324074074075 0.5976317708333333 0.37864583333333335 0.6020361979166666 0.3740282407407407 0.6028645833333334 0.3685185185185185 0.601584375 0.36318657407407406 0.6000033854166666 0.35595925925925925 0.59932578125 0.3402990740740741 0.5963895833333334 0.33768935185185184 0.59140625 0.337037037037037 0.5885416666666666 0.3384259259259259
2 0.39351328124999996 0.37178564814814813 0.39396588541666666 0.3801009259259259 0.39453125 0.3888888888888889 0.3936640625 0.39793935185185186 0.39336223958333333 0.4043773148148148 0.39660651041666667 0.40893703703703704 0.4014348958333333 0.4096078703703704 0.40633854166666666 0.4078643518518518 0.41018619791666666 0.40464537037037035 0.41237421875 0.3991462962962963 0.4098091145833333 0.38989212962962966 0.40822473958333333 0.38399074074074074 0.40701770833333334 0.37017592592592596 0.40626328125 0.3680300925925926 0.4032455729166667 0.36601805555555555 0.39909609375 0.36628657407407406 0.3952484375 0.36829814814814815
2 0.4218765625 0.25241435185185185 0.42171692708333336 0.25880277777777777 0.42291666666666666 0.2662037037037037 0.42227578125 0.2783939814814815 0.42299453124999997 0.28222685185185187 0.4258692708333333 0.284924537037037 0.4317786458333333 0.2840726851851852 0.43497291666666665 0.2818013888888889 0.4373684895833333 0.2783939814814815 0.4380072916666667 0.2748449074074074 0.43417421875 0.26291990740740745 0.4335354166666667 0.25709907407407406 0.4328125 0.25046296296296294 0.4309895833333333 0.24814814814814815 0.4278645833333333 0.24768518518518517 0.42419244791666666 0.249575
2 0.2638020833333333 0.2740740740740741 0.26224557291666667 0.27498703703703703 0.26280442708333335 0.2818013888888889 0.2634432291666667 0.2879055555555555 0.2637627604166667 0.2934421296296296 0.26384244791666667 0.29784305555555557 0.2639223958333333 0.30266990740740746 0.26504036458333335 0.3046574074074074 0.2674359375 0.30579351851851855 0.26991145833333335 0.30579351851851855 0.27526197916666667 0.3042314814814815 0.27845598958333334 0.300824537037037 0.27981354166666667 0.2995467592592592 0.27957421875 0.29585555555555554 0.27566119791666666 0.2850662037037037 0.27438359375 0.2755546296296296 0.2733453125 0.27186342592592594 0.27063020833333334 0.271012037037037 0.2669270833333333 0.27175925925925926
2 0.30872499999999997 0.18568472222222224 0.30872499999999997 0.18937962962962962 0.3098958333333333 0.19814814814814816 0.30918697916666665 0.2023787037037037 0.30918697916666665 0.20798888888888886 0.31072630208333335 0.21250462962962963 0.3136510416666667 0.2134625 0.31703776041666665 0.2131888888888889 0.3189619791666667 0.21209398148148148 0.3210401041666667 0.20976805555555555 0.32211770833333336 0.20744166666666666 0.32273359375 0.20538888888888887 0.3219638020833333 0.2026523148148148 0.32119427083333335 0.19923148148148148 0.32011666666666666 0.1951263888888889 0.31950078125000003 0.19238981481481482 0.31875 0.18611111111111112 0.31744791666666666 0.1824074074074074 0.3148825520833333 0.18157962962962962 0.31080338541666663 0.18294814814814814