2 0.3250213546875 0.3963717583333334 0.32814166718750004 0.39248935277777774 0.328765625 0.3893 0.32470937499999997 0.37585 0.322759375 0.3644796305555556 0.32221328125 0.3622611111111111 0.3200291671875 0.3608745361111111 0.31761093749999997 0.35990416666666664 0.31488072968749997 0.36059722222222224 0.3126963546875 0.36267731388888885 0.3107463546875 0.3650342583333333 0.31012213593750004 0.3676689805555556 0.3119942703125 0.38042592499999994 0.3116822921875 0.39151851944444443 0.312384375 0.3963717583333334 0.31566067656249996 0.39803564722222223 0.31735703125 0.39821620277777775 0.3209651046875 0.39831296388888887 0.3250213546875 0.3963717583333334
2 0.3842971359375 0.5204768527777778 0.38390703125000003 0.5239435194444444 0.3832049484375 0.5272712972222222 0.38289296875 0.5318472222222222 0.3831268234375 0.5369773138888889 0.38492109375 0.5403055555555555 0.38694921875 0.5416921305555555 0.3906934890625 0.5429398138888889 0.3959200515625 0.5434944444444444 0.4001322921875 0.5419694444444445 0.40317447968750003 0.5372546305555556 0.40348671875 0.5325402777777778 0.4037205734375 0.5296287027777778 0.3999763015625 0.5192291666666667 0.3988841140625 0.5056402777777778 0.39857213593749996 0.5018967583333332 0.3977921875 0.49912314722222223 0.39623203125 0.49718194444444447 0.3936578125 0.49648888888888887 0.3906934890625 0.4960726861111111 0.388509375 0.4967662027777778 0.38648125 0.4987074083333334 0.3845309890625 0.5000939805555555 0.38335130156249997 0.5071481472222222 0.3839848953125 0.5153467583333333 0.3842971359375 0.5204768527777778
2 0.5441848953124999 0.40506296388888885 0.5462908859375 0.4017351861111111 0.546446875 0.3985458333333333 0.54597890625 0.3932768527777778 0.5445747390625 0.388424075 0.5451208328125 0.3780245361111111 0.5451989578124999 0.3735870361111111 0.5445747390625 0.37150740833333334 0.5431708328125 0.36984351944444444 0.5416106765625 0.36887268611111107 0.5394263015625 0.36804074166666667 0.5373981765625 0.36790231388888883 0.5355260421875 0.36859536944444443 0.5339658859374999 0.37039814722222225 0.5331078125000001 0.3720620361111111 0.5327958328125 0.37608333333333327 0.5324838546875 0.3856504638888889 0.5307677078124999 0.39216759166666665 0.5299096359375 0.3956342583333334 0.52959765625 0.3984074083333334 0.5299096359375 0.40131944444444445 0.5313138015625001 0.4032606472222222 0.5338098953125 0.40561759166666667 0.5356041671875 0.40700416666666667 0.5376528640625 0.4078277777777778 0.5412984375 0.40769768611111107 0.5441848953124999 0.40506296388888885
2 0.67921171875 0.5605379638888889 0.6836453125 0.561499075 0.6882950515624999 0.5609222222222222 0.6919716140625 0.5578467583333334 0.69337734375 0.5541949083333333 0.69337734375 0.5507351861111112 0.6918632812500001 0.5386254638888889 0.6931609375 0.5274773138888889 0.6937015625 0.5220953694444445 0.6932690109374999 0.5186356472222222 0.6916471359374999 0.5149833333333333 0.6894843749999999 0.5124847222222222 0.6864567703125 0.5107546305555556 0.68396953125 0.5101782416666667 0.68126640625 0.5107546305555556 0.6788872390625 0.5124847222222222 0.6773734375 0.515175925 0.6756432296875 0.5288226861111112 0.672075 0.5390101861111111 0.6701286453125 0.5440074083333334 0.66969609375 0.5486208333333333 0.6714260421875 0.5532337972222222 0.6751026046875 0.5582314805555556 0.67921171875 0.5605379638888889
2 0.78145625 0.41219259166666666 0.7853489578125 0.4098861111111111 0.7866466140624999 0.40661851944444444 0.7866466140624999 0.3927791666666666 0.78859296875 0.38105416666666664 0.7890255203125001 0.37797870277777773 0.7883768234375 0.3754800916666667 0.7863221359375 0.3727888888888889 0.78383515625 0.3710592583333333 0.7806992187499999 0.36952129722222227 0.7781041671875 0.36932916666666665 0.7758333328125 0.37048240833333335 0.77431953125 0.3722125 0.7732380203125 0.37759444444444445 0.7720486984375 0.38566713055555557 0.7704265625 0.3898958333333334 0.7681557296875 0.39489351944444445 0.76675 0.39893009166666665 0.76675 0.403350925 0.7681557296875 0.4060416666666667 0.77064296875 0.40930925833333337 0.7743286453125 0.4115837972222222 0.7775635421875 0.4125768527777778 0.78145625 0.41219259166666666
1 0.22814192656249999 0.5394375 0.4210924484375 0.5394375 0.4210924484375 0.3554421305555555 0.22814192656249999 0.3554421305555555 0.22814192656249999 0.5394375
1 0.27537109375 0.7636064805555555 0.5188372390625 0.7636064805555555 0.5188372390625 0.47614351944444444 0.27537109375 0.47614351944444444 0.27537109375 0.7636064805555555
1 0.43814713593750004 0.5966736111111112 0.64187890625 0.5966736111111112 0.64187890625 0.3659375 0.43814713593750004 0.3659375 0.43814713593750004 0.5966736111111112
1 0.5482109375 0.7913356472222222 0.8160598953125 0.7913356472222222 0.8160598953125 0.48813657499999996 0.5482109375 0.48813657499999996 0.5482109375 0.7913356472222222
1 0.6591184890624999 0.5760324083333334 0.8877408859375 0.5760324083333334 0.8877408859375 0.3674398138888889 0.6591184890624999 0.3674398138888889 0.6591184890624999 0.5760324083333334
1 1 0.5158773138888889 0.8320143234374999 0.5158773138888889 0.8320143234374999 0.824761575 1 0.824761575 1 0.5158773138888889