2 0.5934791671874999 0.276025925 0.59418125 0.27976944444444446 0.5965502609375 0.2828888888888889 0.59953359375 0.2853842583333333 0.60392109375 0.2855402777777778 0.6093611984375 0.28304490833333334 0.613134375 0.27961342499999997 0.6138364578125 0.2739981472222222 0.6112916671875 0.2602726861111111 0.6109375 0.24768518611111112 0.61015625 0.24351851944444444 0.6078125 0.2393518527777778 0.6020833328124999 0.2379629638888889 0.5973958328125 0.24074074166666667 0.5961114578125 0.24373935277777778 0.5960239578125 0.2604287027777778 0.5934791671874999 0.276025925
2 0.3912145828125 0.3009907416666667 0.39244296875 0.3105050916666667 0.39217994843750004 0.3267263888888889 0.3934895828125 0.33055555555555555 0.3942856765625 0.333900925 0.3977955734375 0.3357726861111111 0.4026216140625 0.3356166666666667 0.40727213593749995 0.33202963055555557 0.4123614578125 0.32516666666666666 0.41209817656250003 0.3215791666666667 0.4096354171875 0.3148148138888889 0.4075354171875 0.3066055555555556 0.4061315109375 0.2930361111111111 0.40463984374999995 0.289136575 0.4006033859375 0.288200925 0.3962161453125 0.289136575 0.3923552078125 0.2921 0.39077578125 0.2950638888888889 0.3912145828125 0.3009907416666667
2 0.41640625 0.17962963055555556 0.41519921875000004 0.1907222222222222 0.41540989531249994 0.19783564722222222 0.4175161453125 0.19952083333333334 0.42057031250000004 0.20064398055555555 0.42430885468749996 0.20036296388888888 0.42741562499999997 0.19877175833333333 0.4316807296875 0.19624444444444444 0.43241796875 0.1915648138888889 0.4307856765625 0.18510648055555556 0.4290479171875 0.1773375 0.4282580734375 0.16769675833333333 0.4278369796875 0.16348472222222224 0.4252604171875 0.16203703611111112 0.42083333281249996 0.16203703611111112 0.41822916718750003 0.16296296388888887 0.41640625 0.1648148138888889 0.415625 0.16759259166666668 0.41640625 0.17962963055555556
2 0.3048411453125 0.13329536944444445 0.3065981765625 0.13097777777777778 0.3073348953125 0.1279550916666667 0.30722161406250004 0.12594027777777778 0.30370729218750003 0.11717453611111112 0.3021770828125 0.10881203611111112 0.3017802078125 0.10578935277777778 0.3003065109375 0.1040763888888889 0.298209375 0.1039754638888889 0.29667890625000004 0.10437870277777778 0.2937315109375 0.10568842499999999 0.29197421874999996 0.10790509166666666 0.29135078124999997 0.10911388888888889 0.29135078124999997 0.11032314722222222 0.29299453125 0.12140601944444444 0.2931078125 0.130474075 0.2932778640625 0.13470555555555555 0.2942416671875 0.13611620277777778 0.29616875 0.1371236111111111 0.2980104171875 0.13803286944444446 0.30110000000000003 0.13641851944444444 0.3048411453125 0.13329536944444445
2 0.2594953125 0.23757036944444446 0.26312291718749997 0.23394351944444444 0.2653901046875 0.2313236111111111 0.2657869796875 0.2282004638888889 0.2657302078125 0.2262861111111111 0.26266953125 0.2193337972222222 0.2607421875 0.21550509166666668 0.2587583328125 0.20704166666666665 0.25773802031250004 0.20281018611111112 0.25683125 0.20129907500000002 0.25490390625 0.2010972222222222 0.2520700515625 0.20210509166666668 0.2501994796875 0.20311250000000003 0.2478755203125 0.20452314722222223 0.24662838593749997 0.2067398138888889 0.2453815109375 0.20925833333333332 0.24583489531249997 0.21187824166666666 0.24708203125 0.21741944444444444 0.24810234375 0.22255786944444444 0.24844218749999997 0.22568148055555556 0.2488958328125 0.23031620277777776 0.2494059890625 0.23575694444444445 0.2500861984375 0.23857824166666666 0.2531122390625 0.24013425833333335 0.2560942703125 0.23978703611111113 0.2594953125 0.23757036944444446
1 0.19262109375 0.4332986111111111 0.33423828125 0.4332986111111111 0.33423828125 0.21084027777777778 0.19262109375 0.21084027777777778 0.19262109375 0.4332986111111111
1 0.24509505156250003 0.29708333333333337 0.3649830734375 0.29708333333333337 0.3649830734375 0.11715740833333334 0.24509505156250003 0.11715740833333334 0.24509505156250003 0.29708333333333337
1 0.3577578125 0.34907175833333337 0.5073984375 0.34907175833333337 0.5073984375 0.17328935277777777 0.3577578125 0.17328935277777777 0.3577578125 0.34907175833333337
1 0.3223229171875 0.5632592583333333 0.5072135421875 0.5632592583333333 0.5072135421875 0.29200925833333335 0.3223229171875 0.29200925833333335 0.3223229171875 0.5632592583333333
1 0.506765625 0.4720717583333333 0.7178541671875001 0.4720717583333333 0.7178541671875001 0.24395601944444445 0.506765625 0.24395601944444445 0.506765625 0.4720717583333333
1 0.5014479171875 0.760050925 0.761578125 0.760050925 0.761578125 0.4339027777777778 0.5014479171875 0.4339027777777778 0.5014479171875 0.760050925
1 1 0.3779398138888889 0.72236328125 0.3779398138888889 0.72236328125 0.6651435194444444 1 0.6651435194444444 1 0.3779398138888889
1 1 0.6051643527777778 0.7823020828125 0.6051643527777778 0.7823020828125 1 1 1 1 0.6051643527777778