1 0.9061953125 0.47525 0.15462760416666665 0.13383796296296296
1 0.8825390624999999 0.5986018518518519 0.1728697916666667 0.19283796296296296
1 0.749875 0.4820509259259259 0.14863802083333333 0.13727777777777778
1 0.7025390625 0.6039166666666667 0.16835416666666667 0.19329166666666667
1 0.5942005208333333 0.4982592592592593 0.1421796875 0.16422222222222224
1 0.5222447916666667 0.6046805555555556 0.16369270833333335 0.19482407407407407
1 0.43972135416666663 0.5019629629629629 0.14119010416666666 0.16458796296296296
1 0.33918489583333333 0.6107962962962963 0.16493489583333334 0.19766666666666666
1 0.2820286458333333 0.4949074074074074 0.1443359375 0.15203703703703703
1 0.16214322916666665 0.6075462962962963 0.17381770833333335 0.19429166666666667
2 0.1528864583333333 0.5643666666666667 0.15827265625 0.5650087962962963 0.16087213541666667 0.561099074074074 0.16327161458333334 0.5561231481481482 0.16327161458333334 0.5507916666666667 0.15867265625 0.5422611111111112 0.15567343749999998 0.5351527777777778 0.15407369791666667 0.5315986111111111 0.15227421875 0.5323092592592593 0.14967473958333333 0.5323092592592593 0.14547578125 0.5355083333333334 0.14307630208333333 0.5387069444444444 0.14547578125 0.5490143518518519 0.14707526041666666 0.5532796296296296 0.14667552083333335 0.5586111111111111 0.14807499999999998 0.5618097222222223
2 0.27739453124999996 0.4564300925925926 0.28233671875 0.45558564814814817 0.2845361979166666 0.4509652777777778 0.2851359375 0.44705555555555554 0.28193671875 0.43959120370370375 0.28013723958333336 0.430350462962963 0.2783375 0.4275069444444444 0.27593802083333335 0.4275069444444444 0.2721390625 0.4299949074074074 0.26993958333333334 0.43354907407407406 0.2721390625 0.44350092592592594 0.2715390625 0.44989861111111107 0.27353854166666663 0.45594120370370367
2 0.33414895833333336 0.5659305555555556 0.3387236979166667 0.5661236111111111 0.34272265625000004 0.560436574074074 0.34332265624999997 0.5554606481481482 0.3405231770833333 0.547286111111111 0.3387236979166667 0.5369787037037037 0.3377239583333333 0.5341351851851852 0.3349244791666666 0.533424074074074 0.3311252604166667 0.5341351851851852 0.3283260416666666 0.538400462962963 0.32912578125 0.5508402777777778 0.32792604166666667 0.5583041666666666 0.33032552083333333 0.5650574074074074
2 0.4381088541666667 0.4580810185185185 0.4415614583333333 0.4576282407407407 0.4444059895833333 0.45369537037037033 0.44472213541666666 0.44948194444444445 0.44282578125 0.4418976851851852 0.4423515625 0.43206620370370374 0.44061328125 0.4292574074074074 0.4380848958333334 0.4289763888888889 0.4346083333333333 0.43038101851851857 0.4331861979166666 0.43318981481481483 0.43334401041666665 0.4421787037037037 0.43192187499999996 0.4486393518518519 0.43223802083333335 0.45257175925925924 0.4344502604166667 0.4565046296296296
2 0.5232966145833333 0.5260763888888889 0.52613359375 0.5280453703703704 0.52850390625 0.5316972222222222 0.5280299479166667 0.5437759259259259 0.5299263020833334 0.5493939814814814 0.52961015625 0.5536074074074073 0.5275557291666667 0.5575398148148148 0.5232890625000001 0.5589444444444445 0.5198125 0.5586634259259259 0.5163359375 0.5552930555555555 0.5153877604166667 0.5507986111111111 0.5174421875 0.5429333333333334 0.5179161458333333 0.5311356481481481 0.5198125 0.5277648148148149
2 0.5952716145833333 0.45375370370370366 0.5981848958333333 0.4540615740740741 0.6008713541666667 0.4515337962962963 0.60229375 0.44844351851851855 0.6011875 0.43973564814814814 0.6019776041666667 0.43158981481481484 0.6015036458333333 0.427937962962963 0.5986591145833333 0.42512916666666667 0.5954984375 0.42484814814814814 0.593128125 0.4265333333333333 0.592021875 0.4358032407407408 0.5894934895833334 0.4442300925925926 0.5894934895833334 0.448162962962963 0.59249609375 0.4526574074074074
2 0.7084494791666667 0.5260763888888889 0.7113622395833333 0.5270597222222223 0.7137325520833334 0.5295875000000001 0.7157869791666667 0.5349250000000001 0.7146807291666666 0.5419472222222222 0.71452265625 0.5537449074074073 0.7124684895833333 0.5576777777777778 0.7088338541666667 0.5607675925925926 0.70519921875 0.5610486111111112 0.70172265625 0.5588013888888889 0.7001424479166667 0.5551495370370371 0.6987200520833333 0.5498125 0.7010903645833333 0.5419472222222222 0.7037768229166667 0.5304305555555555 0.7058312499999999 0.5267787037037037
2 0.755215625 0.450662962962963 0.7524585937499999 0.449425 0.7500882812499999 0.44745833333333335 0.7483500000000001 0.4452111111111111 0.7483500000000001 0.44184074074074076 0.7502463541666666 0.43566064814814814 0.75135234375 0.43369444444444444 0.7523005208333333 0.42695277777777774 0.7537229166666666 0.4224583333333333 0.7565671875 0.42161574074074076 0.7602018229166667 0.4230203703703704 0.76288828125 0.4263912037037037 0.7625723958333332 0.43172824074074073 0.7616242187500001 0.4362226851851852 0.7620981770833333 0.44493055555555555 0.7614661458333334 0.4483013888888889 0.7590958333333333 0.4502675925925926
2 0.8866481770833333 0.5526564814814815 0.88997265625 0.5543212962962963 0.8943973958333333 0.5543212962962963 0.8978739583333333 0.5506694444444444 0.8989802083333333 0.5425236111111111 0.90277265625 0.5321300925925926 0.9029307291666666 0.5279166666666667 0.9013505208333333 0.5239842592592593 0.8980320312500001 0.521175 0.89471328125 0.5197703703703703 0.8913947916666667 0.5203324074074074 0.88997265625 0.5231412037037036 0.8869700520833333 0.5318490740740741 0.8828614583333334 0.5397143518518518 0.88128125 0.5442087962962963 0.88301953125 0.5472986111111111
2 0.9089010416666666 0.4441726851851852 0.9132026041666667 0.44589398148148146 0.91762734375 0.4442083333333333 0.9196815104166667 0.44083796296296296 0.9204716145833333 0.43297268518518517 0.9233161458333333 0.4239837962962963 0.9228421875 0.42033194444444444 0.91889140625 0.41668055555555555 0.9157309895833333 0.41583749999999997 0.9127283854166667 0.4169611111111111 0.9100419270833334 0.4242648148148148 0.9089356770833333 0.4279162037037037 0.9064072916666667 0.43156805555555555 0.9059333333333334 0.43606249999999996 0.9071973958333334 0.44083796296296296