1 0.0000013015624999999999 0.9999976861111111 0.26389453125 0.9999976861111111 0.26389453125 0.7594467583333333 0.0000013015624999999999 0.7594467583333333 0.0000013015624999999999 0.9999976861111111
1 0.026045573437500004 0.8066180555555555 0.3163138015625 0.8066180555555555 0.3163138015625 0.5048171305555555 0.026045573437500004 0.5048171305555555 0.026045573437500004 0.8066180555555555
1 0.2777825515625 0.9104120361111111 0.53330078125 0.9104120361111111 0.53330078125 0.5788935194444444 0.2777825515625 0.5788935194444444 0.2777825515625 0.9104120361111111
1 0.3350729171875 0.6228888888888889 0.5261979171875 0.6228888888888889 0.5261979171875 0.3967962972222222 0.3350729171875 0.3967962972222222 0.3350729171875 0.6228888888888889
1 0.5260455734375 0.6902106472222223 0.70530859375 0.6902106472222223 0.70530859375 0.4322893527777778 0.5260455734375 0.4322893527777778 0.5260455734375 0.6902106472222223
1 0.53559375 0.46860648055555554 0.6840052078125 0.46860648055555554 0.6840052078125 0.304199075 0.53559375 0.304199075 0.53559375 0.46860648055555554
1 0.70139453125 0.5471527777777777 0.8449700515625 0.5471527777777777 0.8449700515625 0.310375 0.70139453125 0.310375 0.70139453125 0.5471527777777777
1 0.7048645828125 0.3367685194444444 0.821296875 0.3367685194444444 0.821296875 0.21624074166666665 0.7048645828125 0.21624074166666665 0.7048645828125 0.3367685194444444
1 0.8437552078125 0.4068958333333333 0.9688489578124999 0.4068958333333333 0.9688489578124999 0.24247453611111114 0.8437552078125 0.24247453611111114 0.8437552078125 0.4068958333333333
2 0.7840125 0.35193148055555556 0.7853799484375 0.347374075 0.7843544265625 0.33461342499999996 0.7858927078125 0.3261064805555555 0.7860635421875 0.3206379638888889 0.7841833328125001 0.3160805555555556 0.7800812500000001 0.3133462972222222 0.7771755203125 0.3130421305555556 0.7747828125 0.3139537027777778 0.7729026046875 0.31638425833333333 0.77068046875 0.3291449083333333 0.7667494796875001 0.3403861111111111 0.7669203125 0.3452472222222222 0.7686294265625 0.3491972222222222 0.7728401046875 0.3523837972222222 0.7799104171875 0.3543620361111111 0.7840125 0.35193148055555556
2 0.1893091140625 0.579124075 0.19255677031250001 0.5721361111111111 0.1927276046875 0.5666671305555556 0.18742890625 0.5502611111111111 0.1857197921875 0.5338546305555556 0.18469427031250002 0.5299050916666667 0.1828140625 0.5283856472222221 0.17905390625 0.5268666666666667 0.17426796875 0.5274745361111111 0.1693114578125 0.5311203694444444 0.1664057296875 0.5356777777777778 0.1662346359375 0.5396273138888888 0.16811484375000002 0.5578564805555555 0.1670893234375 0.5690976861111111 0.1665765625 0.5754782416666667 0.1676020828125 0.5794277777777778 0.1708497390625 0.5821620361111111 0.1775096359375 0.5833787027777778 0.1823013015625 0.5842888888888889 0.1893091140625 0.579124075
2 0.07696640625 0.9011361111111111 0.0822651046875 0.8962749999999999 0.0858544265625 0.8874638888888889 0.0877346359375 0.8795648138888889 0.0875635421875 0.8716652777777778 0.08175234375 0.8579935194444444 0.0795302078125 0.8385486111111111 0.0785046875 0.8339916666666667 0.07628281249999999 0.8294342583333334 0.0728643234375 0.8276111111111111 0.0691041671875 0.8270037027777778 0.06551484375 0.8273074083333334 0.0612416671875 0.8300416666666667 0.05611406249999999 0.8355106472222222 0.053550260937500004 0.8415870361111112 0.05286666718750001 0.8479671305555556 0.0547466140625 0.8649810194444445 0.05064453125 0.8859449083333333 0.051840885937500004 0.8926287027777778 0.0544049484375 0.8977939805555555 0.058507031249999994 0.9017435194444444 0.0648744796875 0.9039638888888889 0.06995859374999999 0.9038703694444444 0.07696640625 0.9011361111111111