1 0.4045130208333333 0.5949074074074074 0.25 0.2947546296296296
1 0.3302942708333333 0.4205231481481482 0.20052083333333334 0.18981481481481483
1 0.5464401041666667 0.45987500000000003 0.2109375 0.2438287037037037
1 0.6944453125 0.6195972222222222 0.28125 0.32561574074074073
1 0.7890625 0.4436712962962963 0.23263802083333335 0.2114212962962963
1 0.9223098958333333 0.6558657407407408 0.15538020833333333 0.327162037037037
2 0.32942994791666663 0.3478925925925926 0.32759895833333336 0.33649953703703706 0.3269122395833334 0.3344652777777778 0.32614947916666664 0.33378703703703705 0.323784375 0.33215972222222223 0.3217244791666667 0.3322953703703704 0.3196645833333333 0.33270185185185186 0.31806249999999997 0.3341939814814815 0.3166890625 0.3351435185185185 0.31577369791666665 0.3367708333333333 0.31501067708333336 0.33785601851851854 0.3168416666666667 0.3525041666666667 0.3167653645833333 0.36755925925925925 0.319359375 0.36972916666666666 0.321571875 0.3706787037037037 0.3233265625 0.3706787037037037 0.32546276041666666 0.37054305555555556 0.32752265625 0.3693222222222222 0.330421875 0.3674236111111111 0.33171875 0.3652532407407407 0.3328630208333333 0.3619981481481482 0.33309192708333335 0.3606421296296296
2 0.39809296875 0.5185162037037037 0.40175494791666666 0.5179736111111112 0.404959375 0.5152611111111111 0.40808723958333337 0.5115990740740741 0.4096893229166667 0.5080726851851851 0.4103760416666667 0.5060379629629629 0.4053408854166667 0.4896268518518519 0.40404375 0.4733509259259259 0.402746875 0.47050277777777777 0.39969505208333334 0.46819722222222226 0.3964908854166667 0.4676546296296296 0.39397317708333335 0.46846851851851856 0.39046380208333337 0.47104537037037036 0.3883276041666667 0.4756569444444445 0.38802239583333337 0.47782685185185186 0.38977708333333333 0.4943740740740741 0.38802239583333337 0.5102425925925926 0.38977708333333333 0.5133620370370371 0.3926763020833333 0.5166171296296297 0.3951940104166667 0.5178379629629629
2 0.5534239583333334 0.36240509259259257 0.5539580729166667 0.34802824074074074 0.5535765625 0.3461296296296296 0.5525848958333334 0.34395925925925924 0.5497619791666666 0.3424675925925926 0.5474731770833333 0.34151805555555553 0.5438875 0.3426032407407408 0.5417513020833333 0.3454513888888889 0.5410645833333334 0.35982824074074077 0.53793671875 0.37284861111111106 0.5383182291666666 0.3761037037037037 0.5403018229166666 0.37868101851851854 0.5435822916666667 0.38180046296296294 0.5469393229166666 0.3824787037037037 0.55029609375 0.38234305555555553 0.5540343750000001 0.37840972222222224 0.5552549479166667 0.3750189814814815
2 0.6901041666666666 0.49166666666666664 0.6872395833333333 0.5087962962962963 0.6828125 0.5194444444444445 0.6830729166666667 0.5259259259259259 0.6848958333333334 0.5314814814814814 0.6893229166666667 0.5402777777777777 0.6916666666666667 0.5412037037037037 0.6994791666666667 0.5402777777777777 0.7028645833333333 0.5370370370370371 0.7049479166666667 0.5328703703703703 0.7052083333333333 0.5259259259259259 0.7044270833333334 0.5180555555555556 0.7065104166666667 0.4981481481481482 0.7059895833333333 0.4949074074074074 0.70390625 0.4898148148148148 0.6973958333333333 0.48657407407407405 0.6927083333333334 0.4875
2 0.8023575520833333 0.3702800925925926 0.8052924479166667 0.35552268518518515 0.8052924479166667 0.3531375 0.8046216145833333 0.35119953703703705 0.80218984375 0.34866574074074075 0.7990036458333333 0.34732407407407406 0.7959013020833333 0.3467277777777778 0.7927986979166667 0.34732407407407406 0.7905348958333334 0.34881481481481486 0.7878515625 0.3637212962962963 0.78248515625 0.37519953703703707 0.7818145833333333 0.3781805555555556 0.7834075520833333 0.38205648148148147 0.7853361979166666 0.3848888888888889 0.7890255208333333 0.38861527777777777 0.7918765625 0.3896587962962963 0.79598515625 0.3896587962962963 0.7993390625 0.38861527777777777 0.80244140625 0.38473981481481484