1 0.9088541666666666 0.7183657407407408 0.18229166666666666 0.3163564814814815
1 0.7973098958333333 0.4591064814814815 0.2387161458333333 0.2669768518518518
1 0.6128463541666667 0.6836435185185186 0.2378463541666667 0.29012499999999997
1 0.49175260416666666 0.4444444444444444 0.21267447916666665 0.26543055555555556
1 0.3680546875 0.6635787037037036 0.22048697916666665 0.2777777777777778
1 0.26996614583333334 0.45293055555555556 0.203125 0.24228240740740742
1 0.1475703125 0.6658935185185185 0.21354166666666666 0.27314814814814814
1 0.0859375 0.4367314814814815 0.171875 0.2376527777777778
2 0.03400625 0.4286564814814815 0.04100052083333334 0.4368027777777778 0.042809375000000004 0.4374462962962963 0.04576380208333333 0.4350879629629629 0.047874218749999996 0.43155046296296296 0.04986380208333333 0.4270486111111111 0.05064765625 0.4196523148148148 0.05034635416666667 0.41450740740740744 0.04944192708333333 0.4113986111111111 0.04702994791666667 0.4090402777777778 0.03937265625 0.40893333333333337 0.030328385416666666 0.4032523148148148 0.028398958333333335 0.40293055555555557 0.025866406249999998 0.4040023148148148 0.02375625 0.4068967592592593 0.022309114583333334 0.4105412037037037 0.021525260416666667 0.41450740740740744 0.02158567708333333 0.41804444444444444 0.022610677083333332 0.42190324074074076 0.02460026041666667 0.42393981481481485
2 0.48251223958333334 0.4230365740740741 0.48251223958333334 0.4180527777777778 0.48416145833333335 0.41409490740740745 0.48630520833333335 0.41160324074074073 0.48927343749999996 0.4104305555555555 0.49174687499999997 0.4110166666666667 0.494303125 0.41438796296296293 0.4959520833333333 0.4186388888888889 0.49603463541666665 0.42201064814814815 0.4970239583333333 0.4245023148148148 0.49801328125000005 0.42699444444444445 0.4981783854166667 0.4310986111111111 0.49801328125000005 0.436375462962963 0.49661171875 0.4401865740740741 0.4950450520833333 0.44414444444444445 0.49174687499999997 0.4469296296296297 0.4886963541666667 0.44722268518518515 0.48589296875 0.44634305555555553 0.48366666666666663 0.44370462962962964 0.48168776041666667 0.4423851851851852 0.481028125 0.43798796296296294 0.48036848958333334 0.4325643518518519 0.4806984375 0.4287532407407407 0.48160546875 0.42567499999999997
2 0.6160731770833333 0.696111111111111 0.6118611979166667 0.695687037037037 0.60820546875 0.6934268518518518 0.6061390625 0.6907421296296296 0.6047085937500001 0.6876337962962963 0.60351640625 0.6824064814814815 0.603278125 0.6776027777777778 0.603278125 0.6718101851851851 0.6040726562500001 0.6664412037037036 0.6053442708333333 0.6626263888888888 0.6079669270833333 0.659800925925926 0.6105101562499999 0.6578226851851852 0.6136890625 0.6572578703703703 0.6167088541666667 0.6581055555555556 0.6187752604166668 0.6600833333333334 0.6194109375 0.6626263888888888 0.6202057291666667 0.6650282407407407 0.62092109375 0.6668652777777778 0.6223515625 0.6699736111111111 0.6228283854166666 0.6725166666666667 0.6233846354166667 0.6770375000000001 0.6230666666666667 0.6814175925925926 0.6219541666666667 0.684949537037037 0.6212388020833333 0.687775462962963 0.6199674479166667 0.6914486111111111 0.6183778645833333 0.693850462962963 0.6166294270833333 0.6955458333333333