1 0.4468958333333333 0.7747453703703704 0.16137239583333332 0.349375
1 0.5085104166666666 0.5735648148148148 0.12466406249999999 0.2408611111111111
1 0.37277083333333333 0.5272777777777778 0.11880468749999999 0.21289351851851854
1 0.430875 0.4165462962962963 0.09790364583333333 0.166125
1 0.3244635416666667 0.38769444444444445 0.09548958333333334 0.15975462962962964
1 0.3834661458333333 0.31028703703703703 0.08276822916666667 0.14081944444444444
1 0.2967708333333333 0.28444907407407405 0.0820625 0.1305972222222222
1 0.3492864583333333 0.23600462962962962 0.0704921875 0.11562962962962962
1 0.27646093749999995 0.21179166666666668 0.07198177083333333 0.09780555555555555
1 0.32564583333333336 0.17963888888888888 0.06096614583333334 0.09369907407407407
1 0.17053125 0.1307037037037037 0.0871484375 0.08405555555555555
1 0.119375 0.1603425925925926 0.10088541666666666 0.09102314814814816
1 0.06483333333333334 0.1464259259259259 0.10062760416666668 0.0927962962962963
1 0.029473958333333335 0.1758148148148148 0.05894791666666667 0.10025925925925926
2 0.06463776041666666 0.1034412037037037 0.06716223958333334 0.10250833333333334 0.06867552083333334 0.10060925925925926 0.06734036458333333 0.09602037037037037 0.06600494791666667 0.09301388888888888 0.06493671875 0.08905787037037037 0.06431354166666667 0.08731712962962962 0.06280026041666667 0.08700092592592593 0.06101979166666667 0.08715925925925927 0.05923932291666667 0.08826666666666667 0.05799322916666667 0.08953240740740741 0.05817109375 0.09174814814814815 0.059595572916666666 0.0964949074074074 0.059506510416666665 0.09997638888888889 0.0597734375 0.10171712962962963 0.06173203125 0.1034574074074074
2 0.11340963541666667 0.10135185185185185 0.116034375 0.10203333333333334 0.11754765625 0.1034574074074074 0.11843776041666666 0.10820462962962964 0.12101953124999999 0.11390138888888889 0.12084140625 0.11564166666666667 0.11950625 0.11690787037037037 0.11656848958333334 0.11864814814814814 0.11416484375 0.11880648148148149 0.1125625 0.11674953703703704 0.11193932291666667 0.11026157407407407 0.11078203125000001 0.10440694444444444 0.11167239583333334 0.10235
2 0.16805755208333334 0.09334259259259259 0.17010651041666666 0.09283842592592594 0.17179791666666666 0.09078148148148148 0.17028463541666666 0.0854013888888889 0.16939453125 0.0800212962962963 0.16850416666666668 0.07812222222222222 0.16592265625 0.07748935185185185 0.16405312500000002 0.07859675925925926 0.16334114583333334 0.08065416666666667 0.164409375 0.08619259259259258 0.1643203125 0.09014814814814814 0.16476536458333332 0.09236388888888888 0.16618958333333333 0.09362962962962963
2 0.3226997395833333 0.14568611111111113 0.32556796875 0.1455898148148148 0.3273002604166667 0.143849537037037 0.32790260416666667 0.14170787037037036 0.32624583333333335 0.13595185185185185 0.32586927083333334 0.13113287037037039 0.3252669270833334 0.12912453703703702 0.32376067708333334 0.1280537037037037 0.3221791666666666 0.12818749999999998 0.32097421875 0.12872314814814814 0.31999531249999996 0.1304634259259259 0.31999531249999996 0.1328726851851852 0.32029661458333336 0.13621944444444445 0.31999531249999996 0.14170787037037036 0.31984479166666663 0.14371574074074073 0.32052239583333336 0.14505462962962962
2 0.2739841145833333 0.17956203703703702 0.27604973958333334 0.1790138888888889 0.27770651041666666 0.17794305555555556 0.27823359374999995 0.17633657407407408 0.2783841145833333 0.1739273148148148 0.2780828125 0.17124999999999999 0.27672734375 0.16884027777777777 0.27635078124999995 0.16268287037037035 0.27559765625000004 0.1610763888888889 0.27394088541666667 0.15987175925925926 0.2723596354166667 0.1597375 0.27100390625 0.16013935185185185 0.2701755208333333 0.16147777777777778 0.26979895833333334 0.1637537037037037 0.27025104166666664 0.16870648148148149 0.270025 0.17539953703703703 0.2704015625 0.17794305555555556 0.2719078125 0.17914768518518517
2 0.3449861979166667 0.19753148148148147 0.34736536458333334 0.19803657407407407 0.34992604166666663 0.19723333333333334 0.3518838541666666 0.19562685185185183 0.35195937499999996 0.19348518518518518 0.35052838541666664 0.1867916666666667 0.35000130208333335 0.18090185185185184 0.3498505208333333 0.17889398148148147 0.3486458333333333 0.17809074074074074 0.34600989583333336 0.17755509259259258 0.34457916666666666 0.17822453703703703 0.3436755208333333 0.18023240740740742 0.34337421875 0.18357916666666668 0.3436 0.18705972222222222 0.3429223958333333 0.1950912037037037 0.3432234375 0.19656388888888887
2 0.29411640624999996 0.24569444444444447 0.29613020833333337 0.24536898148148145 0.2983895833333333 0.24416435185185184 0.2996697916666667 0.24282592592592595 0.30012161458333336 0.2404162037037037 0.2980130208333333 0.2333212962962963 0.29733515625 0.22930555555555557 0.29703385416666667 0.2271638888888889 0.29658203125 0.22502175925925927 0.29567838541666663 0.22368333333333335 0.29424765625 0.22247870370370368 0.29259088541666667 0.22261250000000002 0.29123515625 0.22328194444444444 0.2901809895833333 0.2246203703703704 0.29003046875000005 0.22743148148148148 0.2901809895833333 0.23345555555555556 0.29025625 0.24028240740740742 0.2901809895833333 0.2434949074074074 0.29161171874999997 0.24536898148148145
2 0.38193697916666663 0.24436898148148148 0.3839169270833333 0.2447074074074074 0.38542317708333335 0.24644722222222223 0.38610104166666664 0.24832129629629632 0.3862515625 0.254612962962963 0.38790833333333335 0.2597 0.3884354166666667 0.26331435185185187 0.38730598958333334 0.2658574074074074 0.385121875 0.26679444444444445 0.3827875 0.26799953703703705 0.3800763020833333 0.26799953703703705 0.37819375 0.26639305555555554 0.37759114583333336 0.2627787037037037 0.37872083333333334 0.25555 0.3786455729166667 0.24966018518518518 0.3786455729166667 0.24684907407407405 0.37954921875000003 0.24510879629629628
2 0.5071536458333333 0.5267782407407406 0.5102841145833333 0.5281263888888889 0.5138877604166666 0.5266092592592593 0.5163536458333333 0.5244175925925926 0.51692265625 0.5229004629629629 0.5165432291666667 0.511100462962963 0.51768125 0.5014921296296296 0.5178708333333334 0.499300462962963 0.5171122395833333 0.49643472222222224 0.5154052083333334 0.4934004629629629 0.51379296875 0.4918833333333334 0.5121809895833334 0.49120925925925923 0.5102841145833333 0.49120925925925923 0.5087669270833334 0.4918833333333334 0.5072494791666666 0.4934004629629629 0.5063960937499999 0.4957606481481482 0.5053528645833334 0.5053689814814815 0.5041200520833333 0.5073921296296297 0.5027924479166667 0.5102574074074074 0.5021283854166667 0.5143032407407407 0.50203359375 0.5193606481481481 0.5026026041666667 0.5230689814814815 0.5044044270833333 0.5247546296296296
2 0.4465372395833333 0.7272791666666667 0.4501338541666666 0.7272523148148148 0.45421171875 0.7250611111111112 0.45724635416666665 0.7215208333333333 0.4590481770833333 0.7162953703703704 0.45914296875 0.7114069444444444 0.4581947916666667 0.7075296296296296 0.45629791666666664 0.6999439814814814 0.456203125 0.6899981481481481 0.45582395833333333 0.6856152777777779 0.45468593749999997 0.682075462962963 0.4524098958333333 0.6800523148148149 0.4499442708333333 0.6793782407407408 0.4472888020833333 0.6793782407407408 0.44425416666666667 0.6807268518518518 0.4422625 0.6844351851851852 0.44121953124999996 0.687975462962963 0.4407453125 0.693875462962963 0.44102968750000004 0.7012925925925926 0.43913307291666664 0.7076981481481481 0.4379002604166667 0.7115754629629629 0.43808984375000004 0.7157898148148149 0.43998671875 0.7227009259259259 0.44264192708333333 0.7248925925925926