1 0.09288281250000001 0.48225462962962967 0.17361197916666665 0.2175925925925926
1 0.14973958333333334 0.6797824074074074 0.1866328125 0.24537037037037038
1 0.2760416666666667 0.48688425925925927 0.1805546875 0.2175925925925926
1 0.3541666666666667 0.6743842592592593 0.203125 0.2561712962962963
1 0.47612760416666666 0.47607870370370364 0.1987838541666667 0.25462962962962965
1 0.5863723958333333 0.6813287037037037 0.2230911458333333 0.28549537037037037
1 0.7591145833333334 0.4714490740740741 0.22482552083333335 0.2484583333333333
1 0.89453125 0.7029305555555555 0.2109375 0.30092592592592593
2 0.06449765625 0.4591134259259259 0.0564109375 0.45169305555555556 0.05549791666666667 0.4491425925925926 0.05549791666666667 0.4458962962962963 0.05628046875 0.44276620370370373 0.05758489583333334 0.43951990740740743 0.06032369791666667 0.43650555555555554 0.061432552083333335 0.435462037037037 0.06293229166666667 0.4353458333333333 0.06358463541666666 0.4352300925925926 0.07049739583333332 0.44125879629629633 0.0787796875 0.4445050925925926 0.08021432291666668 0.44705555555555554 0.08099687500000001 0.4509976851851852 0.08099687500000001 0.4547074074074074 0.08067083333333333 0.4570263888888889 0.07969270833333333 0.459925 0.0772796875 0.4631708333333333 0.07532317708333333 0.4659537037037037 0.07317109375 0.46746064814814814 0.07114947916666667 0.4676925925925926 0.06997552083333333 0.46746064814814814
2 0.4745098958333333 0.43661342592592595 0.47248255208333334 0.427275 0.47119218749999997 0.4249814814814815 0.46925703124999996 0.42334305555555557 0.4671375 0.42301527777777775 0.46483359375 0.42367083333333333 0.46271406249999997 0.42596435185185183 0.4617002604166667 0.42874953703703705 0.46105520833333336 0.4320259259259259 0.4624375 0.4416921296296296 0.46142369791666665 0.44627962962962964 0.46151588541666666 0.4498837962962963 0.46216093750000004 0.45316064814814816 0.46381979166666665 0.45660092592592594 0.46612369791666663 0.45856712962962964 0.4684276041666667 0.4598777777777778 0.4727588541666667 0.4592222222222222 0.47626093750000004 0.4539796296296296 0.4775510416666667 0.4498837962962963 0.47810390625000004 0.4449689814814815 0.4775510416666667 0.44152824074074076
2 0.5833458333333332 0.6794129629629629 0.5805812499999999 0.6789217592592592 0.5786458333333333 0.6771194444444444 0.5768028645833333 0.6743342592592592 0.5755125 0.6702384259259259 0.5744989583333333 0.6672893518518519 0.5740380208333333 0.6635212962962963 0.5740380208333333 0.6587703703703703 0.5747752604166667 0.654674537037037 0.5759734375 0.651725462962963 0.5776322916666667 0.6495953703703704 0.5786458333333333 0.6468106481481481 0.5796596354166667 0.6446805555555556 0.5815947916666667 0.6430421296296296 0.5830692708333333 0.642550925925926 0.5861104166666667 0.6427148148148147 0.5879536458333334 0.6440254629629629 0.5899809895833333 0.6473018518518519 0.5910869791666666 0.6500870370370371 0.5912713541666667 0.6532 0.5934830729166667 0.6584425925925926 0.5945888020833333 0.6641768518518519 0.5942203125 0.6674532407407407 0.5938515624999999 0.6707300925925926 0.5923770833333334 0.6741703703703704 0.58924375 0.6771194444444444