1 0.8055312499999999 0.7762175925925926 0.24299479166666668 0.2711898148148148
1 0.5882942708333334 0.8392685185185185 0.23560677083333334 0.3077870370370371
1 0.5202786458333333 0.6119583333333333 0.17596093750000003 0.22662962962962963
1 0.36806249999999996 0.6984351851851851 0.18055989583333334 0.23600462962962962
1 0.3501901041666667 0.5243611111111111 0.1500234375 0.17180555555555557
1 0.20125781250000002 0.5907037037037037 0.14284114583333332 0.20158333333333334
1 0.21839583333333332 0.43591203703703707 0.12570052083333333 0.15252777777777776
1 0.07165625 0.49643055555555554 0.13778645833333333 0.18519444444444444
1 0.10634114583333334 0.3762638888888889 0.11212239583333333 0.14444444444444443
1 0.035994791666666665 0.32090277777777776 0.07198958333333333 0.13885185185185187
2 0.00845703125 0.28023148148148147 0.013161979166666667 0.2784726851851852 0.01508359375 0.2763851851851852 0.017005208333333334 0.2727796296296296 0.014870052083333333 0.26822546296296296 0.01177421875 0.264050462962963 0.010706770833333332 0.2606347222222222 0.009425520833333334 0.2574087962962963 0.007930989583333332 0.25589074074074075 0.005582291666666667 0.2543726851851852 0.0034471354166666665 0.2543726851851852 0.0017390625 0.25551111111111113 0.00035130208333333335 0.25816759259259264 0.00024453125 0.26196296296296295 0.0009916666666666665 0.2665175925925926 0.0022729166666666666 0.2697435185185185 0.004301302083333333 0.27733425925925925 0.005475520833333333 0.2798009259259259
2 0.09525130208333334 0.3338921296296296 0.09852708333333333 0.33439305555555554 0.10172994791666666 0.33192592592592596 0.10386484375 0.3300282407407407 0.10503932291666666 0.32756111111111114 0.10503932291666666 0.3256634259259259 0.10375833333333334 0.3218685185185185 0.10162317708333334 0.31826296296296297 0.10076901041666667 0.31351851851851853 0.09980807291666666 0.31029259259259256 0.09831354166666667 0.307825462962963 0.09617838541666666 0.3072564814814815 0.09415 0.3068768518518519 0.09169479166666666 0.3074462962962963 0.08977291666666667 0.3101027777777778 0.08955963541666666 0.3131388888888889 0.0902 0.3165550925925926 0.09158802083333333 0.32110925925925926 0.09201484374999999 0.3268023148148148 0.09180130208333333 0.33021805555555556 0.09233515625000001 0.3324953703703704
2 0.06025182291666666 0.44371944444444444 0.06363151041666666 0.4428583333333333 0.06630052083333333 0.4403916666666667 0.06907604166666667 0.4373550925925926 0.07099791666666667 0.43488842592592597 0.07110442708333334 0.43109305555555555 0.06565989583333333 0.4225537037037037 0.06277760416666667 0.41477314814814814 0.061816666666666666 0.4126856481481481 0.060322135416666665 0.41154722222222223 0.057973437499999995 0.41135740740740745 0.05455729166666667 0.4126856481481481 0.05156796875 0.41515277777777776 0.04996666666666667 0.4181888888888889 0.05039375 0.4206560185185185 0.05348958333333333 0.4293851851851852 0.053596354166666665 0.4333703703703704 0.05423697916666667 0.4403916666666667 0.055945052083333335 0.44228935185185186
2 0.20659244791666667 0.39319074074074073 0.20882708333333333 0.3941087962962963 0.21234999999999998 0.39297037037037036 0.21459192708333333 0.3910726851851852 0.2163 0.38898518518518516 0.216940625 0.3859490740740741 0.2166203125 0.38158425925925926 0.21405807291666665 0.37589120370370366 0.21256354166666666 0.3683009259259259 0.21170963541666668 0.3660236111111111 0.21032161458333334 0.3648847222222222 0.2084 0.3645055555555555 0.20647838541666666 0.3648847222222222 0.20519739583333332 0.3650745370370371 0.20402291666666666 0.36621342592592593 0.20284869791666665 0.36886990740740744 0.20252838541666665 0.3719064814814815 0.20295546875 0.3753222222222222 0.20327578124999998 0.3787379629629629 0.20380937500000001 0.38158425925925926 0.20391614583333334 0.3851898148148148 0.20391614583333334 0.3882259259259259 0.20423645833333334 0.3908828703703704
2 0.5235856770833334 0.5406013888888889 0.5240778645833334 0.5365337962962963 0.5238645833333334 0.5312203703703703 0.5222630208333333 0.5287532407407407 0.5205549479166667 0.5270453703703704 0.5178861979166667 0.5260962962962963 0.5158578125 0.5262861111111111 0.5143630208333333 0.5276148148148148 0.5131888020833333 0.5300814814814815 0.5126549479166667 0.5325486111111112 0.5122278645833334 0.5403291666666667 0.5100927083333333 0.5464013888888889 0.5092388020833334 0.5503865740740741 0.50945234375 0.5547509259259259 0.5108401041666667 0.5585462962962963 0.51244140625 0.5606337962962963 0.5152171875 0.5623416666666666 0.5189536458333334 0.5627212962962963 0.5222630208333333 0.5613930555555555 0.5241846354166666 0.5596851851851852 0.5251455729166666 0.5558898148148148 0.5251455729166666 0.5526638888888888 0.5245049479166667 0.5482990740740741 0.5235442708333333 0.5443138888888889
2 0.580665625 0.7909495370370371 0.5837294270833334 0.7932018518518519 0.58757265625 0.7935814814814814 0.59120234375 0.7918736111111111 0.5937645833333334 0.7895962962962964 0.5952591145833334 0.7850416666666666 0.5956861979166667 0.7797282407407408 0.5944049479166666 0.7715685185185185 0.5942984375000001 0.767962962962963 0.5947252604166666 0.7630291666666666 0.5954726562499999 0.7594236111111111 0.5954726562499999 0.7552486111111111 0.5948320312500001 0.7520226851851851 0.5934442708333333 0.749175925925926 0.5922700520833334 0.7472782407407408 0.59088203125 0.7461398148148148 0.5889604166666668 0.7450013888888889 0.5870388020833333 0.7444319444444444 0.5849036458333334 0.7444319444444444 0.5831955729166667 0.7455703703703703 0.5818078124999999 0.7472782407407408 0.5805265625 0.7505046296296296 0.5803130208333334 0.7535407407407407 0.5795658854166666 0.7609416666666666 0.5786049479166666 0.7630291666666666 0.5770036458333333 0.7653060185185184 0.5758294270833333 0.7672037037037037 0.5748684895833333 0.7698606481481481 0.5743346354166667 0.7755537037037037 0.5749752604166667 0.7787796296296297 0.5761497395833334 0.7833337962962963 0.5777510416666666 0.7863703703703704