1 0.5971666671875 0.7346898138888889 0.7275416671875 0.7346898138888889 0.7275416671875 0.5793287027777778 0.5971666671875 0.5793287027777778 0.5971666671875 0.7346898138888889
1 0.6617526046875 0.8767453694444445 0.7943619796875 0.8767453694444445 0.7943619796875 0.7092175916666666 0.6617526046875 0.7092175916666666 0.6617526046875 0.8767453694444445
1 0.52409375 0.8725277777777778 0.654625 0.8725277777777778 0.654625 0.7073796305555555 0.52409375 0.7073796305555555 0.52409375 0.8725277777777778
1 0.45326562499999995 0.7365787027777778 0.5842447921875 0.7365787027777778 0.5842447921875 0.5769398138888888 0.45326562499999995 0.5769398138888888 0.45326562499999995 0.7365787027777778
1 0.3812291671875 0.8775370361111112 0.51265625 0.8775370361111112 0.51265625 0.708425925 0.3812291671875 0.708425925 0.3812291671875 0.8775370361111112
1 0.3043151046875 0.7394166666666666 0.4471744796875 0.7394166666666666 0.4471744796875 0.5701018527777778 0.3043151046875 0.5701018527777778 0.3043151046875 0.7394166666666666
1 0.2343723953125 0.880949075 0.3720234375 0.880949075 0.3720234375 0.6997361111111111 0.2343723953125 0.6997361111111111 0.2343723953125 0.880949075
1 0.1584817703125 0.7407407416666667 0.3013411453125 0.7407407416666667 0.3013411453125 0.574074075 0.1584817703125 0.574074075 0.1584817703125 0.7407407416666667
1 0.0783880203125 0.8839305555555554 0.2233828125 0.8839305555555554 0.2233828125 0.7102916666666667 0.0783880203125 0.7102916666666667 0.0783880203125 0.8839305555555554
1 0 0.743689813888889 0.1516666671875 0.743689813888889 0.1516666671875 0.5787916666666667 0 0.5787916666666667 0 0.743689813888889
2 0.0421875 0.675925925 0.0421875 0.6777777777777778 0.0433302078125 0.6812074083333334 0.0447864578125 0.6823166666666667 0.0463114578125 0.6829324083333334 0.0476286453125 0.6829324083333334 0.0506791671875 0.6809601861111111 0.053521875 0.679850925 0.055116145312499996 0.6799740750000001 0.0563640625 0.6799740750000001 0.0580973953125 0.6802212972222222 0.0607317703125 0.6789888888888889 0.06295052031250001 0.675537036111111 0.0660010421875 0.6708537027777778 0.06593125 0.6638287027777777 0.0641291671875 0.6601314805555556 0.061979687500000005 0.6574194444444444 0.0592760421875 0.65705 0.0562947921875 0.6580361111111112 0.0548390625 0.6595148138888889 0.052551042187499994 0.6618564805555556 0.0485994796875 0.6666629638888889 0.0456182296875 0.6678962972222222 0.04270625 0.6703611111111112 0.042013020312499996 0.6731953694444445 0.0421875 0.675925925
2 0.125 0.8268518527777778 0.1265625 0.8296296305555556 0.1278447921875 0.8315722222222222 0.1296875 0.8314814805555555 0.13333333281249998 0.8296296305555556 0.1390260421875 0.820587963888889 0.14439583281249999 0.819410186111111 0.1450578125 0.8113027777777778 0.144175 0.8081638888888889 0.1421151046875 0.8052870361111111 0.1379223953125 0.802410186111111 0.1360833328125 0.802149075 0.1314494796875 0.8127416666666666 0.1270833328125 0.8166666666666667 0.12552083281249998 0.8194444444444444 0.125 0.8212962972222223 0.125 0.8268518527777778
2 0.4405208328125 0.8126851861111111 0.44046874999999996 0.8212962972222223 0.44213541718749994 0.8251851861111111 0.4446875 0.8260185194444445 0.44781250000000006 0.8237037027777778 0.44875 0.8192592583333334 0.44895833281249997 0.8166666666666667 0.4497916671875 0.8145370361111112 0.45083333281250004 0.8107407416666667 0.45015625000000004 0.8043518527777778 0.4484375 0.8009259249999999 0.4463020828125 0.7996296305555556 0.44328124999999996 0.7998148138888889 0.4413020828125 0.8016666666666667 0.4404166671875 0.8051851861111111 0.4405208328125 0.8126851861111111
2 0.51484375 0.668425925 0.5166666671875 0.6692592583333333 0.5175 0.672685186111111 0.5194791671875 0.6761111111111111 0.5216666671875 0.6762962972222222 0.5235937500000001 0.6757407416666668 0.5249479171875 0.673425925 0.525 0.6675925916666667 0.5247395828125 0.664814813888889 0.5244791671875 0.6611111111111111 0.5229166671875001 0.6555555555555556 0.51875 0.6537037027777778 0.5170312499999999 0.655 0.5152083328125 0.6580555555555556 0.5145833328125 0.6621296305555556 0.51484375 0.668425925
2 0.5989583328125 0.818425925 0.5996875 0.8155555555555556 0.5997916671875 0.8126851861111111 0.5992708328125 0.8106481472222222 0.5984895828125001 0.8086111111111112 0.59890625 0.8037037027777777 0.5983854171874999 0.8005555555555556 0.595625 0.7953703694444444 0.5942708328124999 0.794074075 0.5922395828125 0.7945370361111112 0.5891666671875 0.7966666666666667 0.5875520828125 0.7994444444444445 0.5871875 0.8037037027777777 0.5874479171875 0.8079629638888889 0.5889583328125 0.8111111111111111 0.590625 0.8136111111111111 0.5920833328125 0.818425925 0.5942708328124999 0.8217592583333333 0.5970833328125 0.8213888888888888 0.5989583328125 0.818425925
2 0.6721874999999999 0.6566666666666667 0.6704687500000001 0.6539814805555556 0.6683333328125001 0.6526851861111111 0.6661979171875 0.6538888888888889 0.6638541671875 0.6573148138888889 0.6625520828125 0.660925925 0.6626562500000001 0.6674074083333333 0.6638020828125 0.6701851861111111 0.6656770828125 0.6725925916666666 0.6675 0.6740740749999999 0.6697916671875 0.6743518527777778 0.6713541671875001 0.6763888888888889 0.6726041671874999 0.6771296305555556 0.6747395828125 0.6769444444444445 0.6769270828125 0.6747222222222222 0.6777604171875 0.670925925 0.6772916671875 0.6663888888888889 0.6758854171875 0.6634259250000001 0.6734375 0.6604629638888889 0.6721874999999999 0.6566666666666667
2 0.7471875 0.8215740749999999 0.7478645828125 0.8188888888888889 0.7477083328125 0.8149074083333333 0.7473958328125 0.8133333333333334 0.7431770828125 0.8067592583333334 0.7418750000000001 0.8029629638888889 0.7401041671875 0.7996296305555556 0.7378645828125 0.7986111111111112 0.7351041671874999 0.7987962972222222 0.7333854171875 0.8012962972222222 0.7321354171875 0.8038888888888889 0.7321875 0.8070370361111112 0.7333333328125 0.8114814805555556 0.7355729171875 0.8137962972222221 0.7365625 0.8152777777777778 0.7405208328125 0.8224074083333334 0.7421354171875 0.8243518527777778 0.7451041671875 0.8241666666666666 0.7471875 0.8215740749999999