1 0 0.742638888888889 0.1492838546875 0.742638888888889 0.1492838546875 0.5787685194444444 0 0.5787685194444444 0 0.742638888888889
1 0.07817447968749999 0.8826481472222222 0.22249218750000002 0.8826481472222222 0.22249218750000002 0.7112777777777778 0.07817447968749999 0.7112777777777778 0.07817447968749999 0.8826481472222222
1 0.1577369796875 0.7460324083333333 0.2991067703125 0.7460324083333333 0.2991067703125 0.5740787027777777 0.1577369796875 0.5740787027777777 0.1577369796875 0.7460324083333333
1 0.23362760468750002 0.8743379638888888 0.3712786453125 0.8743379638888888 0.3712786453125 0.7036990750000001 0.23362760468750002 0.7036990750000001 0.23362760468750002 0.8743379638888888
1 0.3058020828125 0.7394212972222222 0.4449375 0.7394212972222222 0.4449375 0.5714305555555556 0.3058020828125 0.5714305555555556 0.3058020828125 0.7394212972222222
1 0.3807838546875 0.8762731472222222 0.5121953125 0.8762731472222222 0.5121953125 0.7096342583333334 0.3807838546875 0.7096342583333334 0.3807838546875 0.8762731472222222
1 0.4539765625 0.7361435194444444 0.5846380203125 0.7361435194444444 0.5846380203125 0.5768379638888889 0.4539765625 0.5768379638888889 0.4539765625 0.7361435194444444
1 0.522828125 0.8726712972222223 0.6547239578124999 0.8726712972222223 0.6547239578124999 0.7041435194444444 0.522828125 0.7041435194444444 0.522828125 0.8726712972222223
1 0.5967369796875001 0.7355046305555556 0.7277317703125 0.7355046305555556 0.7277317703125 0.5783657416666667 0.5967369796875001 0.5783657416666667 0.5967369796875001 0.7355046305555556
1 0.6607083328125001 0.8735972222222222 0.7948125 0.8735972222222222 0.7948125 0.7073101861111111 0.6607083328125001 0.7073101861111111 0.6607083328125001 0.8735972222222222
2 0.7415609375 0.8242666666666666 0.7436911453125 0.8248555555555555 0.7454432296875 0.8245194444444445 0.7471947921875 0.8220787027777777 0.7479994796875 0.8200592583333334 0.748046875 0.8171138888888889 0.7475260421875001 0.8134953694444444 0.7435020828125001 0.8075203694444445 0.7426026046875001 0.8057527777777779 0.7418921875 0.8031444444444444 0.7403932296875 0.7998768527777778 0.7378182296875 0.7986787027777779 0.73585625 0.7990055555555555 0.7337713546875 0.8002037027777777 0.7324838546875 0.8032555555555556 0.7323614578125001 0.8068518527777777 0.7323000000000001 0.8112111111111111 0.7334651046875 0.8138268527777778 0.7354885421875 0.8160064805555556 0.7365630203125 0.8171407416666666 0.7393359375 0.8216574083333333 0.7415609375 0.8242666666666666
2 0.6777442703125 0.6723611111111112 0.677828125 0.6698194444444444 0.6774916671875 0.6668287027777778 0.6763140625 0.6642870361111112 0.6748000000000001 0.6620444444444444 0.673875 0.660699075 0.6726973953125001 0.6572601861111111 0.6710994796875001 0.6554657416666667 0.6689125 0.6539712972222222 0.6668093749999999 0.6541203694444444 0.664875 0.655914813888889 0.6631088546874999 0.6595027777777778 0.6626041671875 0.6642870361111112 0.6626880203125001 0.667725925 0.6636135421875 0.6708657416666667 0.6650432296875 0.6729592583333334 0.6668093749999999 0.6746037027777778 0.6696692703125 0.6746037027777778 0.6715197921875 0.6768462972222222 0.6732859375 0.6775935194444445 0.6762395828125001 0.6763 0.6771552078124999 0.6746037027777778 0.6777442703125 0.6723611111111112
2 0.5988911453125 0.8197814805555556 0.5998625 0.8166518527777777 0.5998625 0.8120101861111111 0.5987697921875 0.8093111111111111 0.5989515625 0.8053175916666666 0.5989515625 0.8017555555555556 0.5977375 0.7990564805555554 0.5956723953124999 0.7961425916666667 0.5939114578125 0.7959268527777777 0.5917859375 0.7956027777777777 0.5896609374999999 0.7967898138888889 0.5878994796875 0.8000287027777778 0.5870494796875 0.8042379638888889 0.587353125 0.8080157416666667 0.588325 0.8104990750000001 0.590025 0.8138453694444444 0.5911182296875 0.8160037027777777 0.591846875 0.8195657416666667 0.5940510421874999 0.8221305555555555 0.5969479171875001 0.8218324083333334 0.5988911453125 0.8197814805555556
2 0.5231307296875001 0.654700925 0.5210442703125 0.6533351861111112 0.5181895828124999 0.6543111111111111 0.5163229171875 0.6560675916666667 0.5151151046875 0.6589953694444445 0.5143463546875 0.6632888888888888 0.5140166671874999 0.6668027777777777 0.5146755203125 0.6695351861111111 0.5158833328125 0.6716824083333334 0.5172010421875 0.6736342583333333 0.5185187499999999 0.675975925 0.5215932296875 0.6773425916666667 0.5244484375 0.6751953694444445 0.5260953125000001 0.6716824083333334 0.5260953125000001 0.6681685194444444 0.5268640625 0.6658268527777778 0.5259640625 0.6599703694444444 0.5248875 0.6564583333333333 0.5231307296875001 0.654700925
2 0.4473994796875 0.824663888888889 0.44849739531250005 0.8221259249999999 0.4490463546875 0.8178324083333334 0.450803125 0.8141240750000001 0.45168177031249995 0.8098296305555555 0.45102291718750004 0.8053407416666667 0.44915625 0.8010462972222222 0.44630104218750005 0.7994851861111111 0.44333645781250003 0.8000703694444444 0.44092083281249994 0.8024129638888889 0.4394932296875 0.8067074083333333 0.4393838546875 0.810610186111111 0.4404817703125 0.8137333333333334 0.4402619796875 0.820760186111111 0.44070104218750006 0.8227120361111111 0.4413598953125 0.824663888888889 0.4434578125 0.8266203694444444 0.4457520828125 0.8266157416666666 0.4473994796875 0.824663888888889
2 0.139825 0.8234685194444444 0.1439411453125 0.8201148138888888 0.1447125 0.8155425916666666 0.14479843750000002 0.8108175916666667 0.14359791718749998 0.8073120361111111 0.14145416718749998 0.8050259249999999 0.13793906250000001 0.804874075 0.1351947921875 0.8060925916666667 0.13245104218749998 0.8106657416666667 0.1276494796875 0.8144759250000001 0.1257630203125 0.8167620361111111 0.12439114531249999 0.8202675916666666 0.12439114531249999 0.8245351861111112 0.12507708281250002 0.8284981472222223 0.1271348953125 0.8303268527777777 0.1311213546875 0.8292981472222222 0.13622395781250002 0.8254499999999999 0.139825 0.8234685194444444
2 0.0550697921875 0.6803444444444444 0.05798489531249999 0.6806037027777778 0.060026042187499996 0.6800851861111111 0.0627958328125 0.6764574083333333 0.0648364578125 0.6715342583333334 0.064690625 0.6668703694444444 0.0636703125 0.6629833333333334 0.0609005203125 0.6590962972222222 0.0574020828125 0.6585787027777777 0.0550697921875 0.6593555555555556 0.05098802031250001 0.6645379638888889 0.0447197921875 0.6671296305555555 0.0420958328125 0.6699796305555555 0.0413666671875 0.6746435194444445 0.041804167187500005 0.6785305555555555 0.043844792187499995 0.6821583333333333 0.0471505203125 0.6834361111111111 0.0524458328125 0.6808629638888889 0.0550697921875 0.6803444444444444