1 0.6623541666666667 0.6570092592592593 0.130375 0.15536111111111112
1 0.7280572916666667 0.7929814814814814 0.132609375 0.16752777777777778
1 0.589359375 0.7899537037037037 0.13053125000000002 0.16514814814814816
1 0.5187552083333333 0.6567592592592593 0.13097916666666667 0.15963888888888889
1 0.4469427083333333 0.7929814814814814 0.13142708333333333 0.1691111111111111
1 0.37574479166666663 0.6547592592592593 0.142859375 0.16931481481481483
1 0.3031979166666667 0.7903425925925927 0.13765104166666667 0.18121296296296296
1 0.22991145833333335 0.6574074074074074 0.142859375 0.16666666666666666
1 0.15088541666666666 0.7971111111111111 0.14499479166666665 0.1736388888888889
1 0.07583333333333334 0.6612407407407407 0.15166666666666667 0.16489814814814815
2 0.042706249999999994 0.6703611111111111 0.04201302083333334 0.6731953703703704 0.0421875 0.6759259259259259 0.0421875 0.6777777777777778 0.043330208333333335 0.6812074074074074 0.04478645833333333 0.6823166666666667 0.04631145833333334 0.6829324074074075 0.04762864583333334 0.6829324074074075 0.05067916666666667 0.6809601851851852 0.053521875000000003 0.679850925925926 0.05511614583333333 0.6799740740740741 0.0563640625 0.6799740740740741 0.05809739583333333 0.6802212962962964 0.06073177083333334 0.6789888888888889 0.06295052083333333 0.675537037037037 0.06600104166666666 0.6708537037037038 0.06593125 0.6638287037037036 0.06412916666666667 0.6601314814814815 0.061979687500000005 0.6574194444444444 0.05927604166666667 0.65705 0.05629479166666666 0.658036111111111 0.0548390625 0.6595148148148148 0.052551041666666666 0.6618564814814815 0.04859947916666667 0.6666629629629629 0.04561822916666667 0.6678962962962963
2 0.12552083333333333 0.8194444444444444 0.125 0.8212962962962963 0.125 0.8268518518518518 0.1265625 0.8296296296296296 0.12784479166666665 0.8315722222222222 0.1296875 0.8314814814814815 0.13333333333333333 0.8296296296296296 0.13902604166666668 0.820587962962963 0.14439583333333333 0.8194101851851852 0.14505781250000002 0.8113027777777778 0.144175 0.8081638888888889 0.14211510416666667 0.8052870370370371 0.13792239583333332 0.8024101851851851 0.1360833333333333 0.8021490740740741 0.13144947916666666 0.8127416666666666 0.12708333333333333 0.8166666666666667
2 0.4413020833333333 0.8016666666666666 0.4404166666666667 0.8051851851851852 0.4405208333333333 0.8126851851851852 0.44046875 0.8212962962962963 0.44213541666666667 0.8251851851851852 0.44468749999999996 0.8260185185185185 0.4478125 0.8237037037037037 0.44875000000000004 0.8192592592592592 0.44895833333333335 0.8166666666666667 0.4497916666666667 0.8145370370370371 0.45083333333333336 0.8107407407407408 0.45015625 0.8043518518518519 0.4484375 0.8009259259259259 0.4463020833333333 0.7996296296296297 0.44328125 0.7998148148148148
2 0.5152083333333334 0.6580555555555556 0.5145833333333333 0.6621296296296296 0.51484375 0.6684259259259259 0.5166666666666667 0.6692592592592592 0.5175 0.6726851851851852 0.5194791666666666 0.6761111111111111 0.5216666666666667 0.6762962962962963 0.52359375 0.6757407407407408 0.5249479166666666 0.6734259259259259 0.525 0.6675925925925926 0.5247395833333334 0.6648148148148149 0.5244791666666667 0.6611111111111111 0.5229166666666667 0.6555555555555556 0.51875 0.6537037037037037 0.51703125 0.655
2 0.5942708333333333 0.8217592592592593 0.5970833333333334 0.821388888888889 0.5989583333333334 0.8184259259259259 0.5996875 0.8155555555555555 0.5997916666666666 0.8126851851851852 0.5992708333333333 0.8106481481481481 0.5984895833333332 0.8086111111111111 0.5989062500000001 0.8037037037037037 0.5983854166666667 0.8005555555555556 0.595625 0.7953703703703704 0.5942708333333333 0.794074074074074 0.5922395833333333 0.794537037037037 0.5891666666666667 0.7966666666666666 0.5875520833333333 0.7994444444444444 0.5871875000000001 0.8037037037037037 0.5874479166666667 0.807962962962963 0.5889583333333334 0.8111111111111111 0.590625 0.8136111111111112 0.5920833333333333 0.8184259259259259
2 0.6734375 0.6604629629629629 0.6758854166666667 0.663425925925926 0.6772916666666667 0.6663888888888889 0.6777604166666666 0.6709259259259259 0.6769270833333334 0.6747222222222222 0.6747395833333333 0.6769444444444445 0.6726041666666667 0.6771296296296296 0.6713541666666667 0.6763888888888889 0.6697916666666667 0.6743518518518518 0.6675 0.674074074074074 0.6656770833333333 0.6725925925925925 0.6638020833333333 0.6701851851851851 0.66265625 0.6674074074074073 0.6625520833333333 0.6609259259259259 0.6638541666666666 0.6573148148148148 0.6661979166666666 0.653888888888889 0.6683333333333333 0.6526851851851851 0.67046875 0.6539814814814814 0.6721874999999999 0.6566666666666667
2 0.7421354166666667 0.8243518518518518 0.7451041666666666 0.8241666666666667 0.7471875 0.821574074074074 0.7478645833333334 0.8188888888888889 0.7477083333333333 0.8149074074074074 0.7473958333333334 0.8133333333333334 0.7431770833333334 0.8067592592592592 0.7418750000000001 0.802962962962963 0.7401041666666667 0.7996296296296297 0.7378645833333334 0.7986111111111112 0.7351041666666667 0.7987962962962963 0.7333854166666666 0.8012962962962963 0.7321354166666667 0.803888888888889 0.7321875 0.8070370370370371 0.7333333333333333 0.8114814814814815 0.7355729166666667 0.8137962962962962 0.7365625 0.8152777777777778 0.7405208333333333 0.8224074074074075