1 0.7514895828125 0.6388935194444444 0.9166666671874999 0.6388935194444444 0.9166666671874999 0.4801620361111111 0.7514895828125 0.4801620361111111 0.7514895828125 0.6388935194444444
1 1 0.5846574083333334 0.8735104171874999 0.5846574083333334 0.8735104171874999 0.8002685194444445 1 0.8002685194444445 1 0.5846574083333334
1 0.6354140625 0.7619027777777778 0.8095234375 0.7619027777777778 0.8095234375 0.5846527777777778 0.6354140625 0.5846527777777778 0.6354140625 0.7619027777777778
1 0.5654765625 0.6349166666666667 0.7001484375 0.6349166666666667 0.7001484375 0.4867685194444445 0.5654765625 0.4867685194444445 0.5654765625 0.6349166666666667
1 0.48511718750000005 0.7301574083333334 0.6249973953125 0.7301574083333334 0.6249973953125 0.5634907416666667 0.48511718750000005 0.5634907416666667 0.48511718750000005 0.7301574083333334
1 0.4427083328125 0.6177268527777777 0.5572916671875 0.6177268527777777 0.5572916671875 0.48412499999999997 0.4427083328125 0.48412499999999997 0.4427083328125 0.6177268527777777
1 0.3586302078125 0.7169305555555556 0.4799114578125 0.7169305555555556 0.4799114578125 0.5674583333333333 0.3586302078125 0.5674583333333333 0.3586302078125 0.7169305555555556
1 0.3361614578125 0.6035462972222222 0.43770312499999997 0.6035462972222222 0.43770312499999997 0.4774722222222222 0.3361614578125 0.4774722222222222 0.3361614578125 0.6035462972222222
1 0.24776822968749998 0.6955925916666666 0.3542526046875 0.6955925916666666 0.3542526046875 0.5546666666666666 0.24776822968749998 0.5546666666666666 0.24776822968749998 0.6955925916666666
1 0.24309895781250002 0.5802083333333333 0.3342239578125 0.5802083333333333 0.3342239578125 0.4789027777777778 0.24309895781250002 0.4789027777777778 0.24309895781250002 0.5802083333333333
1 0.1597630203125 0.5644861111111111 0.2450598953125 0.5644861111111111 0.2450598953125 0.47901388888888885 0.1597630203125 0.47901388888888885 0.1597630203125 0.5644861111111111
1 0.1517239578125 0.67825 0.24981770781249998 0.67825 0.24981770781249998 0.5485833333333333 0.1517239578125 0.5485833333333333 0.1517239578125 0.67825
2 0.1998880203125 0.5000805555555555 0.1994041671875 0.4976712972222222 0.1962098953125 0.49440185277777776 0.1924348953125 0.48889536944444445 0.19040208281249998 0.48872314722222227 0.1884661453125 0.4902722222222222 0.1867234375 0.49388611111111114 0.18711093750000002 0.4969833333333333 0.19040208281249998 0.5018018527777778 0.1922411453125 0.5054157416666667 0.1938864578125 0.5074805555555556 0.1968875 0.5057592583333334 0.19921041718750002 0.5028342583333333 0.1998880203125 0.5000805555555555
2 0.1984364578125 0.5838861111111111 0.1993072921875 0.5794120361111111 0.19708125 0.5768305555555555 0.1936932296875 0.5745935194444445 0.1912729171875 0.5696037027777778 0.1897244796875 0.5683990750000001 0.1870140625 0.5690870361111111 0.185175 0.571324075 0.1836260421875 0.5744222222222223 0.1838197921875 0.577175 0.18720781250000001 0.5826814805555556 0.18798177031250002 0.5852629638888889 0.18933697968750002 0.5881888888888889 0.1906921875 0.5897370361111111 0.1931125 0.589049075 0.1961130203125 0.5866398138888889 0.1984364578125 0.5838861111111111
2 0.28468333281249997 0.5083407416666667 0.2848770828125 0.5057592583333334 0.28361875 0.5011129638888889 0.28294114531250003 0.4969833333333333 0.2821666671875 0.4933694444444444 0.2809083328125 0.49199259166666665 0.27945625 0.4913046305555555 0.2775203125 0.49199259166666665 0.2763588546875 0.4935416666666667 0.2751973953125 0.4957787027777778 0.2751973953125 0.4981879638888889 0.2762619796875 0.5023175916666667 0.2761651046875 0.5066203694444444 0.2764557296875 0.5100620361111111 0.2781010421875 0.5114388888888889 0.27994010468749997 0.5116101861111111 0.28294114531250003 0.5100620361111111 0.28468333281249997 0.5083407416666667
2 0.29736406249999997 0.5971370361111111 0.299009375 0.5950722222222222 0.2999776046875 0.5928351861111112 0.3002677078125 0.5905981472222221 0.2987192703125 0.5861231472222223 0.2969765625 0.5831981472222222 0.29494375 0.577175 0.2940729171875 0.5754546305555556 0.2921369796875 0.5751101861111111 0.2904911453125 0.5754546305555556 0.2884583328125 0.5773472222222222 0.287296875 0.5804444444444444 0.287296875 0.5831981472222222 0.2892328125 0.5887046305555556 0.2897166671875 0.5909416666666667 0.2897166671875 0.5928351861111112 0.2902010421875 0.5962768527777779 0.2926208328125 0.5990296305555556 0.29484739531250004 0.5990296305555556 0.29736406249999997 0.5971370361111111
2 0.38438541718749997 0.5124712972222222 0.3853536453125 0.5109222222222222 0.385934375 0.5073083333333334 0.38486927031249996 0.5026620361111112 0.38380468749999996 0.5009416666666666 0.38351406250000003 0.4962944444444444 0.3828364578125 0.4937138888888889 0.3814817703125 0.49216481388888894 0.3794489578125 0.49199259166666665 0.37770625 0.49285277777777775 0.3763510421875 0.4947462972222222 0.3759640625 0.4973277777777778 0.3763510421875 0.5026620361111112 0.37644791718750004 0.5061037027777777 0.37644791718750004 0.5086851861111111 0.3769317703125 0.5116101861111111 0.3790614578125 0.5133314805555556 0.381578125 0.5138472222222222 0.38438541718749997 0.5124712972222222