1 0.0323984375 0.2903981481481481 0.06479947916666667 0.1341712962962963
1 0.0987578125 0.34526388888888887 0.11310416666666666 0.14801851851851852
1 0.07024479166666667 0.472337962962963 0.14048958333333333 0.19016203703703705
1 0.20883333333333332 0.40645833333333337 0.12712760416666666 0.15881944444444446
1 0.19190625 0.5728240740740741 0.14369270833333334 0.20546296296296296
1 0.33957552083333337 0.49926388888888895 0.15090625 0.17905555555555555
1 0.35441666666666666 0.6819120370370371 0.17751302083333334 0.2363287037037037
1 0.5099166666666667 0.5925046296296296 0.17647135416666665 0.23056944444444444
1 0.5724817708333333 0.8341898148148148 0.23470572916666665 0.3031018518518519
1 0.8010208333333334 0.7640925925925927 0.2505859375 0.2721064814814815
2 0.5570473958333333 0.7761037037037037 0.5572190104166667 0.7860203703703704 0.5605658854166666 0.7930384259259259 0.5659723958333333 0.7971578703703704 0.57109375 0.7967592592592593 0.57421875 0.7939814814814815 0.5755208333333334 0.7898148148148149 0.5768713541666667 0.7819009259259259 0.5754984375000001 0.7727472222222223 0.5768713541666667 0.7631356481481482 0.5752604166666667 0.7550925925925925 0.5708333333333333 0.749537037037037 0.5674479166666667 0.7490740740740741 0.5640625 0.7509259259259259 0.5619791666666667 0.7560185185185185 0.5606518229166666 0.7657291666666666 0.5588494791666666 0.769237962962963
2 0.49973958333333335 0.5148148148148148 0.4999513020833334 0.525174074074074 0.4982596354166667 0.5307069444444444 0.49792135416666666 0.5355185185185185 0.498665625 0.5390069444444445 0.50143984375 0.5441791666666667 0.5053640625 0.5457430555555556 0.5092208333333333 0.5450212962962964 0.5123333333333333 0.5422546296296297 0.51416015625 0.5361199074074074 0.5136864583333334 0.5307069444444444 0.5119273437499999 0.5243319444444444 0.5115890625 0.5136263888888889 0.5109125 0.5112208333333333 0.50859375 0.5083333333333333 0.5044270833333333 0.5078703703703704 0.5013044270833333 0.5096569444444444
2 0.05069192708333334 0.4273023148148148 0.05375286458333333 0.42708472222222227 0.05754869791666666 0.42381944444444447 0.06122213541666666 0.41881296296296294 0.06244635416666667 0.41445925925925925 0.062079166666666664 0.41141203703703705 0.0554671875 0.40379305555555556 0.051181510416666666 0.3939976851851852 0.04848776041666667 0.39334444444444444 0.045059375 0.39465092592592593 0.042365625 0.39748055555555556 0.040284114583333336 0.40118101851851856 0.04052890625 0.4044462962962963 0.04493697916666666 0.4135888888888889 0.045426822916666665 0.41816018518518516 0.04591640625 0.42251342592592595 0.04787552083333334 0.4262138888888889
2 0.087425 0.30496712962962963 0.09158802083333333 0.3036611111111111 0.09526145833333333 0.30017824074074073 0.09624088541666667 0.2973486111111111 0.09575130208333334 0.29386574074074073 0.09464921875 0.29103564814814814 0.09109843749999999 0.28646481481481484 0.08767005208333334 0.2766689814814815 0.08497604166666667 0.2762337962962963 0.08179270833333334 0.2775398148148148 0.07958854166666667 0.2792810185185185 0.07824166666666667 0.2829819444444444 0.07897630208333334 0.2866824074074074 0.08093541666666666 0.29277731481481484 0.08191510416666666 0.3006138888888889 0.08338437500000001 0.3023550925925926
2 0.19480833333333333 0.36678796296296295 0.19823697916666666 0.36765879629629633 0.20191015625 0.36591712962962963 0.20509375 0.36243425925925926 0.20582838541666665 0.3580805555555555 0.20497135416666667 0.35329166666666667 0.20227760416666665 0.34785 0.19860416666666666 0.33740138888888893 0.1960328125 0.336312962962963 0.19260442708333333 0.3371837962962963 0.19003307291666666 0.33936064814814815 0.18868619791666666 0.34240787037037035 0.18880859375 0.3445847222222222 0.19137994791666665 0.35285648148148147 0.19186979166666665 0.359387037037037
2 0 0.24960925925925923 0.002872916666666667 0.2492796296296296 0.006579947916666666 0.24680833333333332 0.007877604166666666 0.24516064814814817 0.00843359375 0.24252453703703702 0.007321354166666667 0.23906435185185185 0.004355729166666667 0.2344513888888889 0.002872916666666667 0.23181527777777777 0 0.22456574074074073