1 0.6726197921875 0.8465648138888888 0.9203906249999999 0.8465648138888888 0.9203906249999999 0.6031759250000001 0.6726197921875 0.6031759250000001 0.6726197921875 0.8465648138888888
1 0.603421875 0.6216944444444444 0.7738072921875 0.6216944444444444 0.7738072921875 0.44973148055555556 0.603421875 0.44973148055555556 0.603421875 0.6216944444444444
1 0.4553541671875 0.6812083333333334 0.5996979171875 0.6812083333333334 0.5996979171875 0.5092546305555555 0.4553541671875 0.5092546305555555 0.4553541671875 0.6812083333333334
1 0.4389869796875 0.5343888888888889 0.5558046875 0.5343888888888889 0.5558046875 0.4021111111111111 0.4389869796875 0.4021111111111111 0.4389869796875 0.5343888888888889
1 0.34375 0.5899398138888888 0.453125 0.5899398138888888 0.453125 0.44841203611111113 0.34375 0.44841203611111113 0.34375 0.5899398138888888
1 0.3473958328125 0.4711666666666667 0.44164583281249997 0.4711666666666667 0.44164583281249997 0.36751851944444447 0.3473958328125 0.36751851944444447 0.3473958328125 0.4711666666666667
1 0.263390625 0.5373055555555556 0.34754687500000003 0.5373055555555556 0.34754687500000003 0.4130648138888888 0.263390625 0.4130648138888888 0.263390625 0.5373055555555556
1 0.27702604218750004 0.43267592499999996 0.353296875 0.43267592499999996 0.353296875 0.3336944444444444 0.27702604218750004 0.3336944444444444 0.27702604218750004 0.43267592499999996
1 0.2186015625 0.40698611111111105 0.2855130203125 0.40698611111111105 0.2855130203125 0.3151805555555556 0.2186015625 0.3151805555555556 0.2186015625 0.40698611111111105
1 0.19592447968749999 0.4903842583333333 0.27372135468750003 0.4903842583333333 0.27372135468750003 0.37652314722222224 0.19592447968749999 0.37652314722222224 0.19592447968749999 0.4903842583333333
1 0.141796875 0.45291203611111114 0.21291145781249998 0.45291203611111114 0.21291145781249998 0.35206944444444443 0.141796875 0.35206944444444443 0.141796875 0.45291203611111114
1 0.1715208328125 0.3861805555555556 0.2301354171875 0.3861805555555556 0.2301354171875 0.3005601861111111 0.1715208328125 0.3005601861111111 0.1715208328125 0.3861805555555556
2 0.16689375 0.37363240833333333 0.1699552078125 0.3737796305555555 0.17326458281249998 0.37054351944444447 0.1745057296875 0.3678962972222222 0.1731822921875 0.36510092499999997 0.1708651046875 0.36127592500000005 0.1683 0.35539259166666665 0.1666453125 0.3550981472222222 0.164825 0.35583333333333333 0.163253125 0.3568629638888889 0.1622598953125 0.358775925 0.1620942703125 0.3611296305555555 0.164659375 0.3662777777777778 0.1653213546875 0.3712787027777778 0.16689375 0.37363240833333333
2 0.1986671875 0.3117037027777778 0.19916354218750001 0.3094972222222222 0.19841875 0.3074379638888889 0.1948609375 0.3037601861111111 0.1922958328125 0.29949444444444445 0.1905583328125 0.29949444444444445 0.18906875 0.30081851944444443 0.1884067703125 0.3036129638888889 0.1883239578125 0.3053787027777778 0.1906411453125 0.3100861111111111 0.1918822921875 0.3139101861111111 0.1932885421875 0.3158222222222222 0.1946953125 0.3155287027777778 0.196846875 0.31346944444444447 0.1986671875 0.3117037027777778
2 0.2477338546875 0.33229814722222223 0.248809375 0.33067963055555555 0.2484786453125 0.32862036944444445 0.2471546875 0.32553148055555553 0.24632708281250001 0.3236185194444445 0.24450677031249998 0.31891203611111113 0.2439276046875 0.31729351944444445 0.2427692703125 0.31744074166666664 0.2408661453125 0.31788240833333337 0.23945937499999997 0.3190592583333333 0.2382182296875 0.3206768527777778 0.23830104218749998 0.3227361111111111 0.2401213546875 0.32759074166666663 0.2402869796875 0.3303851861111111 0.2410317703125 0.3333277777777778 0.2423557296875 0.3353870361111111 0.24310052031249998 0.33597499999999997 0.24566510468749997 0.33435740833333333 0.2477338546875 0.33229814722222223
2 0.2291994796875 0.3987870361111111 0.2301921875 0.39599166666666663 0.230275 0.3927555555555555 0.226634375 0.3884898138888889 0.2252276046875 0.3851064805555555 0.2243177078125 0.3830472222222222 0.2224145828125 0.38260555555555553 0.2203458328125 0.3831944444444444 0.2191046875 0.3848120361111111 0.2186911453125 0.38775463055555554 0.2192703125 0.3911379638888889 0.22067708281249998 0.39452129722222223 0.2211734375 0.39893425833333335 0.22257968749999998 0.40114074166666663 0.22382083281249998 0.40231759166666664 0.22671718749999997 0.4012870361111111 0.2291994796875 0.3987870361111111
2 0.31144635468750004 0.35303888888888885 0.31260468750000003 0.3515675916666667 0.3119427078125 0.3492138888888889 0.3102052078125 0.34436018611111113 0.3094604171875 0.33994722222222223 0.3079713546875 0.337299075 0.3064817703125 0.3370046305555556 0.3044130203125 0.33715185277777776 0.303171875 0.3398 0.3027583328125 0.3417120361111111 0.3029239578125 0.3440657416666667 0.30358593749999996 0.3467138888888889 0.3034203125 0.3523037027777778 0.3044958328125 0.3545101861111111 0.30714375 0.3559805555555555 0.3097916671875 0.35524536944444446 0.31144635468750004 0.35303888888888885