1 0.21205729166666665 0.7632314814814815 0.16368749999999999 0.19576851851851854
1 0.23883854166666665 0.9027777777777778 0.200890625 0.19444444444444445
1 0.37685937500000005 0.7751296296296296 0.15699479166666666 0.19840740740740742
1 0.4497760416666667 0.90675 0.19270833333333334 0.18650925925925926
1 0.5472447916666667 0.7797592592592593 0.15996875 0.2023888888888889
1 0.662203125 0.9160092592592592 0.20386979166666666 0.16798148148148148
1 0.7220989583333334 0.7943148148148148 0.165921875 0.20767592592592593
1 0.8790937499999999 0.9140185185185185 0.220984375 0.17195370370370372
1 0.9014114583333334 0.8048981481481481 0.177828125 0.21031481481481482
2 0.20915052083333335 0.7062574074074074 0.206734375 0.7008481481481482 0.2051234375 0.6984611111111111 0.20199114583333333 0.6984611111111111 0.20055885416666666 0.6990981481481481 0.19912708333333334 0.7005296296296296 0.19706875000000001 0.7032342592592593 0.195815625 0.7068935185185186 0.19599479166666667 0.7115074074074074 0.19867968749999998 0.7178722222222222 0.19921666666666665 0.7212129629629629 0.1999328125 0.7263046296296296 0.20154375 0.7283731481481481 0.20521302083333334 0.7285314814814815 0.20986666666666667 0.7266222222222222 0.21219322916666666 0.7232814814814815 0.21407291666666667 0.7180314814814815 0.21425208333333332 0.7150083333333332 0.21040364583333335 0.708962037037037
2 0.23089791666666667 0.9091138888888889 0.23465677083333333 0.9084768518518518 0.23859479166666667 0.9049768518518518 0.2412796875 0.8997268518518519 0.24333802083333333 0.8946351851851853 0.24378541666666667 0.8897027777777778 0.24369583333333333 0.8862027777777778 0.24208489583333334 0.8809527777777778 0.24029479166666665 0.8780888888888889 0.2377890625 0.8772925925925926 0.2348359375 0.8706101851851852 0.2335828125 0.8682240740740741 0.23134531249999998 0.8674287037037037 0.22857083333333333 0.8683833333333334 0.22660208333333334 0.8702925925925926 0.2243645833333333 0.8731564814814815 0.22203802083333332 0.8779296296296296 0.22096406249999997 0.882225 0.22150104166666665 0.8877935185185185 0.2247229166666667 0.8947944444444444 0.22445416666666668 0.9000444444444444 0.22490156249999999 0.9045 0.22722864583333333 0.9078407407407407
2 0.3729270833333333 0.7398277777777778 0.37614895833333334 0.7396694444444444 0.37793906250000003 0.7377601851851852 0.37999739583333336 0.7342592592592593 0.3810713541666667 0.7307592592592593 0.38098177083333334 0.7264638888888889 0.3797286458333333 0.7229629629629629 0.37883385416666665 0.7202583333333333 0.37874427083333334 0.713575925925926 0.37820729166666667 0.710712037037037 0.37614895833333334 0.7078481481481481 0.3745380208333334 0.7073712962962964 0.3727479166666667 0.7075305555555556 0.3710479166666667 0.7084851851851852 0.3697947916666667 0.7102351851851851 0.3682734375 0.712462037037037 0.36818385416666666 0.7169175925925926 0.3682734375 0.7216907407407408 0.36818385416666666 0.7250314814814814 0.36744791666666665 0.7282407407407407 0.366875 0.7317592592592592 0.36693072916666664 0.7334638888888888 0.3682734375 0.7361685185185185 0.3697052083333333 0.7383962962962962
2 0.44643541666666664 0.9195046296296296 0.4495723958333333 0.9190759259259259 0.4528703125 0.9173601851851853 0.45512291666666665 0.913499074074074 0.45673177083333333 0.9097805555555556 0.4571338541666667 0.9054907407407407 0.457375 0.9019157407407407 0.45753593750000005 0.8983407407407407 0.45616875 0.8946222222222222 0.4543182291666667 0.8911907407407408 0.4529510416666667 0.8893314814814814 0.45182500000000003 0.8847555555555555 0.4503770833333334 0.882037962962963 0.4482052083333333 0.8798935185185185 0.4457114583333333 0.8801796296296297 0.4441026041666667 0.8810370370370371 0.44217239583333334 0.883325 0.4407244791666667 0.887186111111111 0.4400807291666667 0.8906185185185186 0.4401609375 0.8957666666666667 0.4410458333333333 0.9009148148148148 0.4405635416666666 0.9030592592592592 0.4400807291666667 0.9067777777777778 0.4401609375 0.9102101851851853 0.44152864583333334 0.913499074074074 0.44329843750000003 0.9165018518518518
2 0.5456166666666667 0.7420388888888889 0.5480296875 0.7427537037037036 0.5511666666666667 0.7424685185185185 0.553740625 0.7404657407407407 0.5543036458333332 0.7376055555555556 0.5543036458333332 0.7336018518518518 0.5536604166666667 0.7291685185185185 0.5545453125 0.7223046296296297 0.5547062500000001 0.7177287037037038 0.5539822916666667 0.7152972222222221 0.552534375 0.7125805555555556 0.5508447916666667 0.7112935185185185 0.5490755208333333 0.7110074074074074 0.547225 0.7111509259259259 0.5456166666666667 0.7125805555555556 0.5445708333333333 0.7154407407407408 0.5436057291666666 0.7230194444444444 0.5431229166666667 0.7254509259259259 0.5414338541666667 0.7278814814814815 0.5403880208333334 0.7300268518518518 0.5405489583333334 0.7334592592592593 0.5415140625 0.736462037037037 0.5428010416666668 0.7384638888888889 0.5436859374999999 0.7404657407407407