1 0.07886979166666667 0.6653425925925927 0.15773958333333335 0.17989814814814814
1 0.1484375 0.8068796296296296 0.158484375 0.19576851851851854
1 0.22767708333333334 0.6660092592592592 0.142859375 0.17327777777777775
1 0.3020833333333333 0.7923240740740741 0.14136979166666666 0.17460185185185184
1 0.3753697916666667 0.6593888888888889 0.140625 0.17327777777777775
1 0.4453125 0.7956388888888889 0.13616145833333335 0.18386111111111111
1 0.5185989583333334 0.6626944444444445 0.13541666666666666 0.17460185185185184
1 0.5885416666666666 0.7936481481481481 0.13392708333333334 0.17725000000000002
1 0.662203125 0.6600555555555556 0.13541666666666666 0.1640185185185185
1 0.728796875 0.7943148148148148 0.13616145833333335 0.17592592592592593
2 0.7427817708333334 0.8264444444444444 0.7453276041666667 0.8263027777777778 0.7469187500000001 0.8230500000000001 0.7473963541666666 0.819937962962963 0.7469984375000001 0.8159777777777778 0.7454072916666666 0.8130074074074074 0.7419859375000001 0.8081990740740741 0.7412703125 0.8055111111111111 0.7395197916666666 0.8016925925925926 0.7371328125000001 0.8009851851851851 0.7343484375 0.8018333333333334 0.7322000000000001 0.8035314814814815 0.7315635416666667 0.8069259259259259 0.7321208333333333 0.8100370370370371 0.7325182291666666 0.8138564814814815 0.7349848958333334 0.8168268518518519 0.7362578125 0.8188064814814815 0.7400765625 0.8241814814814815 0.7411109375 0.8258787037037036
2 0.6654484375 0.675950925925926 0.6682333333333333 0.6762333333333334 0.6704609375 0.678637962962963 0.6726885416666666 0.6793453703703703 0.6747572916666668 0.6783546296296297 0.6766666666666666 0.6749601851851852 0.6769848958333333 0.6719898148148148 0.6766666666666666 0.668737037037037 0.6745182291666667 0.6653425925925927 0.6726885416666666 0.6630796296296296 0.6719723958333332 0.6605333333333333 0.6707791666666666 0.6581287037037037 0.6691880208333333 0.6571388888888889 0.6667213541666667 0.6564314814814816 0.6648916666666668 0.657562962962963 0.6631411458333333 0.6608166666666667 0.6618682291666667 0.6636453703703703 0.6617088541666667 0.6670398148148148 0.6613906249999999 0.6711416666666666 0.6623453125 0.6738287037037037
2 0.5937640625 0.8246055555555555 0.595753125 0.8250305555555556 0.5975828125 0.8233333333333334 0.5987765625 0.8196555555555555 0.5991739583333333 0.8164018518518519 0.5981395833333334 0.8120175925925927 0.5982989583333332 0.8069259259259259 0.5972645833333333 0.8036722222222222 0.5952755208333333 0.8001361111111112 0.5928885416666667 0.7982972222222222 0.5913770833333333 0.7985805555555555 0.5890697916666666 0.8005611111111111 0.5876374999999999 0.8035314814814815 0.5870010416666667 0.80735 0.5871604166666666 0.8110277777777778 0.5881151041666667 0.8128657407407407 0.5895473958333334 0.8151296296296296 0.590740625 0.8192314814814815 0.5916953125000001 0.8220601851851852
2 0.5201697916666667 0.6800527777777777 0.5225567708333333 0.6799111111111111 0.523909375 0.6776481481481481 0.5250234375 0.6745361111111111 0.5254208333333333 0.6719898148148148 0.5255005208333333 0.6680296296296296 0.5252619791666667 0.6640694444444445 0.5236708333333333 0.6601092592592592 0.5215223958333334 0.657987037037037 0.5196927083333333 0.6572805555555556 0.5177833333333334 0.6577046296296296 0.5154760416666667 0.6598259259259259 0.514203125 0.6630796296296296 0.5136458333333334 0.6664740740740741 0.5139640625 0.6709999999999999 0.5149984375 0.6731212962962962 0.5161921875000001 0.675950925925926 0.5182604166666667 0.6793453703703703
2 0.443234375 0.830687962962963 0.44498489583333334 0.830687962962963 0.4465760416666667 0.8296981481481481 0.44776927083333334 0.827575925925926 0.44808749999999997 0.8230500000000001 0.44864479166666665 0.8205037037037037 0.4500765625 0.8182407407407408 0.45103125 0.8158361111111111 0.45079270833333335 0.8115935185185185 0.4497583333333333 0.8080574074074074 0.44808749999999997 0.8053694444444445 0.44585989583333335 0.804237962962963 0.4441098958333333 0.8040972222222221 0.44291614583333333 0.8046629629629629 0.441325 0.8059351851851851 0.4398927083333334 0.8086231481481482 0.4393359375 0.8111685185185186 0.4393359375 0.8139981481481482 0.4398927083333334 0.8168268518518519 0.4398927083333334 0.8213527777777778 0.4398135416666667 0.8251712962962963 0.44037031249999997 0.8274342592592593 0.441484375 0.8294148148148148
2 0.12881614583333334 0.8386870370370371 0.13388750000000002 0.8344796296296296 0.135803125 0.8308731481481482 0.1405369791666667 0.8284694444444444 0.14234010416666668 0.8246629629629629 0.1434671875 0.8200546296296296 0.14245260416666666 0.8146444444444445 0.14008593749999998 0.811037962962963 0.1365921875 0.8096361111111111 0.13366197916666664 0.8142444444444444 0.13028125 0.8172490740740741 0.1293796875 0.8194537037037037 0.12622395833333333 0.8222583333333333 0.12430781249999999 0.8248629629629629 0.12261770833333333 0.8286694444444445 0.12216666666666667 0.8322759259259259 0.12318072916666667 0.8356824074074074 0.12532239583333332 0.8382870370370371
2 0.0449671875 0.690224074074074 0.05060208333333334 0.6872185185185186 0.0571390625 0.6874194444444445 0.05973072916666667 0.6836120370370371 0.061759375 0.6804064814814815 0.06221041666666667 0.6755981481481481 0.061534375 0.6711907407407407 0.0590546875 0.6675842592592592 0.0572515625 0.6659814814814815 0.054772395833333334 0.6657805555555556 0.05308177083333333 0.6671833333333334 0.04879895833333334 0.6715907407407408 0.04192447916666667 0.6749972222222221 0.03989583333333333 0.6770009259259259 0.03910677083333333 0.6798055555555556 0.03899427083333333 0.6842138888888889 0.03989583333333333 0.6872185185185186 0.04203697916666667 0.6898231481481482