1 0.57465234375 0.7222199083333334 0.9062486984375001 0.7222199083333334 0.9062486984375001 0.3580208333333333 0.57465234375 0.3580208333333333 0.57465234375 0.7222199083333334
1 1 0.15123379722222222 0.7743072921875 0.15123379722222222 0.7743072921875 0.5046273138888888 1 0.5046273138888888 1 0.15123379722222222
1 0.4843736984375 0.46604629722222224 0.7491315109375 0.46604629722222224 0.7491315109375 0.1604907416666667 0.4843736984375 0.1604907416666667 0.4843736984375 0.46604629722222224
1 0.3020846359375 0.665125 0.5555559890625 0.665125 0.5555559890625 0.3533935194444444 0.3020846359375 0.3533935194444444 0.3020846359375 0.665125
1 0.25868098906250003 0.42746759166666665 0.47395963593749996 0.42746759166666665 0.47395963593749996 0.14968981388888888 0.25868098906250003 0.14968981388888888 0.25868098906250003 0.42746759166666665
1 0.0798619796875 0.37808796388888893 0.25954947968750003 0.37808796388888893 0.25954947968750003 0.16204166666666667 0.0798619796875 0.16204166666666667 0.0798619796875 0.37808796388888893
1 0.08941015625 0.614199075 0.3020846359375 0.614199075 0.3020846359375 0.3225324083333333 0.08941015625 0.3225324083333333 0.08941015625 0.614199075
1 0 0.5756203694444444 0.1111106765625 0.5756203694444444 0.1111106765625 0.3148148138888889 0 0.3148148138888889 0 0.5756203694444444
1 0 0.341050925 0.09027734375 0.341050925 0.09027734375 0.165125 0 0.165125 0 0.341050925
2 0.1784953125 0.4132273138888889 0.1814854171875 0.4080203694444445 0.18295 0.4040060194444445 0.18356015625 0.40031759166666664 0.1841705734375 0.39413379722222225 0.1839875 0.39044536944444447 0.1821567703125 0.38708194444444444 0.1786171875 0.3848037027777778 0.1750778640625 0.38241713055555554 0.1682432296875 0.3711347222222222 0.1670838546875 0.370375 0.1651309890625 0.3705921305555555 0.1628119796875 0.3720023138888889 0.1600049484375 0.37590786944444443 0.15811328125 0.37927083333333333 0.1572588546875 0.3829597222222222 0.15707578125 0.38697361111111106 0.15811328125 0.3901199083333333 0.1646427078125 0.40205324166666667 0.16507005156250001 0.4081287027777778 0.1665955734375 0.4119254638888889 0.1686703125 0.41452916666666667 0.1717825515625 0.4172416666666666 0.17538307343749998 0.4163736111111111 0.1784953125 0.4132273138888889
2 0.15426875 0.22977592500000002 0.1568317703125 0.22662963055555557 0.15866249999999998 0.222724075 0.16024895781249998 0.21881851944444441 0.1597609375 0.21556388888888886 0.1589065109375 0.21263472222222224 0.15573333281249999 0.20829536944444446 0.1530481765625 0.20363055555555556 0.14816640625 0.19245601944444443 0.1470067703125 0.19093749999999998 0.1446880203125 0.19126296388888891 0.14230807343750002 0.19202222222222223 0.1409044265625 0.19343240833333333 0.1390736984375 0.1952768527777778 0.1379143234375 0.19755509166666665 0.1369989578125 0.19994166666666666 0.1369380203125 0.2031962972222222 0.1374872390625 0.20536620277777778 0.14157578125 0.21621481388888888 0.14273515625 0.22576157500000002 0.1435283859375 0.2283652777777778 0.1448098953125 0.2305351861111111 0.146640625 0.23216250000000002 0.14828828125 0.2331388888888889 0.1514005203125 0.23237963055555555 0.15426875 0.22977592500000002
2 0.3524747390625 0.22543611111111111 0.3550986984375 0.22153055555555556 0.3566854171875 0.21805925833333334 0.35778385468749996 0.213936575 0.3583330734375 0.20916342500000001 0.35760078125 0.20536620277777778 0.35589218749999996 0.20232870277777779 0.3511932296875 0.19690416666666666 0.3456401046875 0.1837773138888889 0.3438703125 0.18247546388888886 0.34173437500000003 0.18247546388888886 0.33990390625 0.18301759166666665 0.33776796875000004 0.18475370277777775 0.33563203124999996 0.18789953611111113 0.3343505203125 0.19126296388888891 0.33374036406249996 0.19484305555555556 0.3336794265625 0.1973379638888889 0.3342895828125 0.200375925 0.33880546875 0.21133286944444443 0.339415625 0.21643194444444444 0.3404528640625 0.22326666666666667 0.3421005203125 0.2260870361111111 0.3441755203125 0.22782314722222224 0.346128125 0.22858240833333332 0.3491184890625 0.2281486111111111 0.3524747390625 0.22543611111111111