1 0 0.7645462972222222 0.15625 0.7645462972222222 0.15625 0.5912685194444444 0 0.5912685194444444 0 0.7645462972222222
1 0.0744036453125 0.911375 0.2247005203125 0.911375 0.2247005203125 0.7248657416666666 0.0744036453125 0.7248657416666666 0.0744036453125 0.911375
1 0.1592239578125 0.7605787027777778 0.2998489578125 0.7605787027777778 0.2998489578125 0.5925879638888889 0.1592239578125 0.5925879638888889 0.1592239578125 0.7605787027777778
1 0.2351171875 0.8941805555555555 0.3712786453125 0.8941805555555555 0.3712786453125 0.7169305555555556 0.2351171875 0.7169305555555556 0.2351171875 0.8941805555555555
1 0.3065494796875 0.7526435194444444 0.44642968749999995 0.7526435194444444 0.44642968749999995 0.587300925 0.3065494796875 0.587300925 0.3065494796875 0.7526435194444444
1 0.3824427078125 0.8955046305555555 0.5163697921875 0.8955046305555555 0.5163697921875 0.7248657416666666 0.3824427078125 0.7248657416666666 0.3824427078125 0.8955046305555555
1 0.4531276046875 0.7526435194444444 0.5617578125 0.7526435194444444 0.5617578125 0.587300925 0.4531276046875 0.587300925 0.4531276046875 0.7526435194444444
1 0.5238098953125 0.8915324083333332 0.6562526046875 0.8915324083333332 0.6562526046875 0.7208935194444444 0.5238098953125 0.7208935194444444 0.5238098953125 0.8915324083333332
1 0.6123489578125 0.7526435194444444 0.728421875 0.7526435194444444 0.728421875 0.5899490749999999 0.6123489578125 0.5899490749999999 0.6123489578125 0.7526435194444444
1 0.6651796875 0.8902129638888889 0.7983619796875 0.8902129638888889 0.7983619796875 0.7235462972222223 0.6651796875 0.7235462972222223 0.6651796875 0.8902129638888889
2 0.058295832812500004 0.674375925 0.0554697921875 0.6750037027777778 0.0496989578125 0.6814944444444444 0.045459375 0.6837972222222223 0.044045832812500005 0.6846351861111112 0.0419260421875 0.6881944444444444 0.0415729171875 0.6915444444444444 0.0421614578125 0.6955222222222223 0.0445171875 0.6986629638888888 0.0465192703125 0.6992907416666666 0.049227604687499996 0.6982435194444445 0.053703125 0.6957314805555556 0.055705207812500004 0.6959407416666666 0.0594739578125 0.6965685194444444 0.0614760421875 0.6951037027777778 0.06383124999999999 0.6913342583333334 0.0651265625 0.6871472222222222 0.0653619796875 0.682750925 0.0631244796875 0.6785629638888889 0.0610046875 0.6752129638888889 0.058295832812500004 0.674375925
2 0.135553125 0.8431268527777778 0.1386151046875 0.8387296305555555 0.141559375 0.8366361111111111 0.1430901046875 0.8345425916666667 0.14450364531249998 0.8303555555555555 0.1420302078125 0.8259583333333335 0.1386151046875 0.8228175916666667 0.13625937500000002 0.8215620361111111 0.13366875 0.822399075 0.1322552078125 0.8242833333333334 0.1293109375 0.8316111111111111 0.12436510468749999 0.8381018527777777 0.12283385468750001 0.8401953694444444 0.1227161453125 0.8460583333333334 0.12436510468749999 0.8498268527777777 0.1271911453125 0.8508731472222222 0.129546875 0.8508731472222222 0.135553125 0.8431268527777778