1 0.078125 0.6779074074074074 0.15625 0.17327777777777775
1 0.14955208333333334 0.8181203703703704 0.150296875 0.18650925925925926
1 0.22953645833333333 0.6765833333333333 0.140625 0.16799074074074075
1 0.3031979166666667 0.8055555555555556 0.13616145833333335 0.17725000000000002
1 0.3764895833333333 0.6699722222222223 0.13988020833333334 0.1653425925925926
1 0.44940625 0.8101851851851852 0.13392708333333334 0.17063888888888887
1 0.5074427083333333 0.6699722222222223 0.10863020833333333 0.1653425925925926
1 0.5900312499999999 0.806212962962963 0.13244270833333333 0.17063888888888887
1 0.6703854166666667 0.6712962962962963 0.11607291666666668 0.16269444444444445
1 0.7317708333333334 0.8068796296296296 0.13318229166666667 0.16666666666666666
2 0.0610046875 0.675212962962963 0.06312447916666666 0.6785629629629629 0.06536197916666667 0.6827509259259259 0.0651265625 0.6871472222222222 0.06383124999999999 0.6913342592592592 0.06147604166666667 0.6951037037037037 0.059473958333333334 0.6965685185185185 0.05570520833333333 0.6959407407407407 0.053703125 0.6957314814814815 0.04922760416666667 0.6982435185185185 0.04651927083333333 0.6992907407407408 0.0445171875 0.698662962962963 0.04216145833333333 0.6955222222222223 0.04157291666666666 0.6915444444444445 0.04192604166666667 0.6881944444444444 0.04404583333333333 0.6846351851851852 0.045459374999999996 0.6837972222222222 0.049698958333333335 0.6814944444444444 0.055469791666666664 0.6750037037037038 0.05829583333333333 0.674375925925926
2 0.12719114583333332 0.8508731481481482 0.129546875 0.8508731481481482 0.135553125 0.8431268518518519 0.13861510416666667 0.8387296296296296 0.141559375 0.8366361111111111 0.14309010416666668 0.8345425925925927 0.14450364583333333 0.8303555555555555 0.14203020833333332 0.8259583333333333 0.13861510416666667 0.8228175925925926 0.136259375 0.8215620370370371 0.13366875 0.8223990740740741 0.13225520833333335 0.8242833333333334 0.1293109375 0.8316111111111111 0.12436510416666667 0.8381018518518518 0.12283385416666667 0.8401953703703703 0.12271614583333333 0.8460583333333334 0.12436510416666667 0.8498268518518518