1 0 0.7600231472222223 0.1515416671875 0.7600231472222223 0.1515416671875 0.5937175916666667 0 0.5937175916666667 0 0.7600231472222223
1 0.0766380203125 0.9018935194444444 0.2225078125 0.9018935194444444 0.2225078125 0.7280138888888888 0.0766380203125 0.7280138888888888 0.0766380203125 0.9018935194444444
1 0.1562526046875 0.7619027777777778 0.3013411453125 0.7619027777777778 0.3013411453125 0.5899490749999999 0.1562526046875 0.5899490749999999 0.1562526046875 0.7619027777777778
1 0.23363020781250002 0.8941851861111112 0.372765625 0.8941851861111112 0.372765625 0.7156111111111111 0.23363020781250002 0.7156111111111111 0.23363020781250002 0.8941851861111112
1 0.3080364578125 0.7526481472222222 0.4449427078125 0.7526481472222222 0.4449427078125 0.5833333333333334 0.3080364578125 0.5833333333333334 0.3080364578125 0.7526481472222222
1 0.3816979171875 0.8915370361111111 0.515625 0.8915370361111111 0.515625 0.7248703694444444 0.3816979171875 0.7248703694444444 0.3816979171875 0.8915370361111111
1 0.45684375 0.7486805555555555 0.5907708328125 0.7486805555555555 0.5907708328125 0.5833379638888889 0.45684375 0.5833379638888889 0.45684375 0.7486805555555555
1 0.5238125 0.8928564805555556 0.6577395828125 0.8928564805555556 0.6577395828125 0.7182546305555555 0.5238125 0.7182546305555555 0.5238125 0.8928564805555556
1 0.6056536453125 0.7619027777777778 0.7351171875 0.7619027777777778 0.7351171875 0.5912638888888888 0.6056536453125 0.5912638888888888 0.6056536453125 0.7619027777777778
1 0.6644375 0.8928611111111111 0.7983645828125 0.8928611111111111 0.7983645828125 0.7261944444444445 0.6644375 0.7261944444444445 0.6644375 0.8928611111111111
2 0.058835937500000005 0.6964185194444444 0.0625234375 0.6934379638888889 0.0648703125 0.687775925 0.0648703125 0.6815185194444444 0.063696875 0.6779425916666667 0.0616854171875 0.6758564805555556 0.059003125000000003 0.6740685194444445 0.056321354687500005 0.6749620361111112 0.0528010421875 0.6782398138888889 0.051125 0.680325925 0.043414582812500005 0.6839018527777778 0.0420734375 0.6865842583333334 0.0410677078125 0.6907564805555556 0.0419057296875 0.6967157416666667 0.0452583328125 0.6990999999999999 0.0477723953125 0.6985037027777777 0.0531364578125 0.6964185194444444 0.058835937500000005 0.6964185194444444
2 0.13711562500000002 0.84035 0.1419765625 0.8379666666666666 0.143653125 0.8331981472222222 0.143653125 0.8287287027777778 0.14214427031250002 0.8245564805555555 0.1391270828125 0.8215768527777778 0.1351041671875 0.8215768527777778 0.1320869796875 0.8233648138888889 0.1297401046875 0.8281324083333332 0.1283994796875 0.8308148138888888 0.12337083281250001 0.8370722222222222 0.12202968750000001 0.8415425916666667 0.1228677078125 0.8463101861111112 0.1247114578125 0.8486944444444444 0.1277286453125 0.8495879638888889 0.1304109375 0.8489925916666667 0.13493645781250002 0.8436287027777777 0.13711562500000002 0.84035