1 0.07577083333333333 0.6768703703703703 0.15154166666666666 0.16630555555555557
1 0.14957291666666667 0.8149537037037037 0.14586979166666666 0.17387962962962963
1 0.228796875 0.6759259259259259 0.14508854166666665 0.17195370370370372
1 0.3031979166666667 0.8048981481481481 0.13913541666666665 0.17857407407407408
1 0.3764895833333333 0.6679907407407407 0.13690625 0.16931481481481483
1 0.4486614583333333 0.8082037037037038 0.13392708333333334 0.16666666666666666
1 0.5238072916666667 0.6660092592592592 0.13392708333333334 0.1653425925925926
1 0.5907760416666666 0.8055555555555556 0.13392708333333334 0.17460185185185184
1 0.6703854166666667 0.6765833333333333 0.12946354166666665 0.17063888888888887
1 0.7314010416666666 0.8095277777777777 0.13392708333333334 0.16666666666666666
2 0.047772395833333335 0.6985037037037037 0.05313645833333334 0.6964185185185184 0.058835937500000005 0.6964185185185184 0.0625234375 0.693437962962963 0.0648703125 0.687775925925926 0.0648703125 0.6815185185185185 0.063696875 0.6779425925925926 0.06168541666666667 0.6758564814814815 0.059003125000000003 0.6740685185185186 0.056321354166666664 0.6749620370370369 0.052801041666666666 0.6782398148148149 0.051125 0.6803259259259259 0.04341458333333333 0.6839018518518519 0.042073437500000005 0.6865842592592593 0.04106770833333333 0.6907564814814815 0.04190572916666667 0.6967157407407407 0.04525833333333333 0.6991
2 0.13041093750000002 0.8489925925925926 0.13493645833333331 0.8436287037037037 0.137115625 0.8403499999999999 0.14197656250000001 0.8379666666666666 0.14365312500000002 0.8331981481481482 0.14365312500000002 0.8287287037037038 0.1421442708333333 0.8245564814814814 0.13912708333333335 0.8215768518518518 0.13510416666666666 0.8215768518518518 0.13208697916666667 0.8233648148148148 0.12974010416666668 0.8281324074074075 0.12839947916666666 0.8308148148148148 0.12337083333333335 0.8370722222222222 0.1220296875 0.8415425925925926 0.12286770833333334 0.8463101851851852 0.12471145833333333 0.8486944444444445 0.12772864583333335 0.8495879629629629