1 0.7190911453125 1 0.7190911453125 0.8416296305555556 0.5733255203125001 0.8416296305555556 0.5733255203125001 1 0.7190911453125 1
1 0.8774322921875 1 0.8774322921875 0.8427222222222223 0.703796875 0.8427222222222223 0.703796875 1 0.8774322921875 1
1 0.5643281250000001 0.8661620361111111 0.696359375 0.8661620361111111 0.696359375 0.6827824083333334 0.5643281250000001 0.6827824083333334 0.5643281250000001 0.8661620361111111
1 0.4598880203125 0.8727731472222222 0.5725078124999999 0.8727731472222222 0.5725078124999999 0.6826527777777778 0.4598880203125 0.6826527777777778 0.4598880203125 0.8727731472222222
1 0.4754479171875 0.7081527777777777 0.5630416671875 0.7081527777777777 0.5630416671875 0.5870694444444444 0.4754479171875 0.5870694444444444 0.4754479171875 0.7081527777777777
1 0.38561718749999996 0.7289583333333334 0.4667890625 0.7289583333333334 0.4667890625 0.5880231472222223 0.38561718749999996 0.5880231472222223 0.38561718749999996 0.7289583333333334
1 0.41240625 0.6225324083333333 0.47835416718749996 0.6225324083333333 0.47835416718749996 0.5214120361111111 0.41240625 0.5214120361111111 0.41240625 0.6225324083333333
1 0.1818307296875 0.5954675916666667 0.2851796875 0.5954675916666667 0.2851796875 0.498125 0.1818307296875 0.498125 0.1818307296875 0.5954675916666667
1 0.12202604218749999 0.6789398138888889 0.249640625 0.6789398138888889 0.249640625 0.5535046305555555 0.12202604218749999 0.5535046305555555 0.12202604218749999 0.6789398138888889
1 0.035716145312499996 0.6678101861111111 0.1743151046875 0.6678101861111111 0.1743151046875 0.5488564805555556 0.035716145312499996 0.5488564805555556 0.035716145312499996 0.6678101861111111
1 0 0.785125 0.10596093749999999 0.785125 0.10596093749999999 0.6254305555555556 0 0.6254305555555556 0 0.785125
2 0.0169588546875 0.6652194444444445 0.0208020828125 0.6625462972222222 0.0230578125 0.6594268527777778 0.0245614578125 0.6569018527777778 0.0249791671875 0.6542287027777778 0.022890625 0.6514074083333333 0.0209692703125 0.6487333333333334 0.0180453125 0.6414564805555555 0.0169588546875 0.6404166666666667 0.014786979687499998 0.6401194444444445 0.012447917187500001 0.6404166666666667 0.0097744796875 0.6419018527777778 0.0082708328125 0.6442777777777777 0.007101042187499999 0.6468027777777777 0.0070177078125 0.6493277777777778 0.0090223953125 0.6546740750000001 0.0099416671875 0.6650703694444444 0.0135338546875 0.665962036111111 0.0169588546875 0.6652194444444445
2 0.1061822921875 0.571949075 0.10818749999999999 0.5701666666666666 0.1101921875 0.5676416666666667 0.1101921875 0.5655629638888888 0.1076026046875 0.5600675916666666 0.1066833328125 0.5550175916666666 0.1060984375 0.5536814805555555 0.10459479218750001 0.5529388888888889 0.1020052078125 0.5529388888888889 0.0998328125 0.5536814805555555 0.0985796875 0.5556120361111111 0.0974104171875 0.5581370361111111 0.0989973953125 0.5630379638888889 0.0993317703125 0.5718000000000001 0.1001671875 0.5725435194444445 0.10409375000000001 0.5726916666666667 0.1061822921875 0.571949075
2 0.1898078125 0.5764046305555556 0.1914786453125 0.5741768527777777 0.1917296875 0.5715037027777777 0.18905624999999998 0.5670481472222223 0.1883041671875 0.5630379638888889 0.18755260468749999 0.5612555555555555 0.1857145828125 0.5599185194444444 0.1838765625 0.559325 0.18203854218749999 0.5596222222222222 0.1804515625 0.5614037027777777 0.1796161453125 0.564225925 0.18061822968750002 0.5686814805555556 0.1810359375 0.5772953694444445 0.18220572968749998 0.5795231472222222 0.1842109375 0.5796722222222221 0.18755260468749999 0.5784842583333334 0.1898078125 0.5764046305555556
2 0.2360067703125 0.5135805555555556 0.23742708281249997 0.5117981472222222 0.23725989531249997 0.5086796305555555 0.23542187499999997 0.5048185194444444 0.2351713546875 0.5000657416666666 0.2338348953125 0.49798611111111113 0.23182968750000002 0.49798611111111113 0.229490625 0.4985805555555556 0.2286552078125 0.5000657416666666 0.2282375 0.5025907416666667 0.22873854218749998 0.506749075 0.2282375 0.5116499999999999 0.22907291718749997 0.5146203694444444 0.2300755203125 0.5156601861111111 0.23375104218749998 0.5153629638888889 0.2360067703125 0.5135805555555556
2 0.44813749999999997 0.5411972222222222 0.44803125 0.5377981472222223 0.4463317703125 0.5340212972222222 0.44580104218749994 0.5291120361111111 0.4449510421875 0.5268462972222222 0.4437828125 0.5264685194444445 0.4414458328125 0.5270342583333334 0.4401713546875 0.5285453694444444 0.43942760468750003 0.5315666666666666 0.4402776046875 0.5370425916666667 0.4400651046875 0.5396861111111111 0.4401713546875 0.5428962972222222 0.44123333281250005 0.544974075 0.44293281249999994 0.5461064805555556 0.4445260421875 0.5453518527777778 0.44718177031249995 0.5438407416666666 0.44813749999999997 0.5411972222222222
2 0.4196708328125 0.6008685194444444 0.4193520828125 0.603512036111111 0.4194583328125 0.6108768527777778 0.4187151046875 0.6155972222222222 0.4188213546875 0.6184305555555555 0.4207333328125 0.621074075 0.42381354218749995 0.6214518527777778 0.42636250000000003 0.6208851861111111 0.4282744796875 0.6188074083333334 0.4288057296875 0.6150314805555556 0.42710625 0.6095546305555555 0.4272125 0.6027574083333334 0.42668125 0.6004907416666667 0.42487552031250003 0.5987916666666666 0.4234947921875 0.5993583333333333 0.4212640625 0.5995472222222222 0.4196708328125 0.6008685194444444
2 0.5181359375000001 0.6229620361111111 0.5198354171874999 0.6223953694444444 0.5201541671875 0.6137092583333333 0.5206854171875 0.6086111111111111 0.5207911453125 0.6044564805555556 0.5200479171875 0.6025685194444445 0.5187734374999999 0.6012462972222222 0.5166489578125 0.6008685194444444 0.5146307296875 0.6008685194444444 0.51356875 0.6027574083333334 0.5129312500000001 0.6093657416666667 0.5116567703125 0.6135203694444444 0.5108067703125 0.6163527777777777 0.5111255203125 0.6193740750000001 0.5137807296875 0.6223953694444444 0.5160114578125 0.6235287027777778 0.5181359375000001 0.6229620361111111
2 0.5167552078125001 0.7377731472222223 0.5184546875 0.7349407416666667 0.5185609375 0.7319194444444445 0.5164364578125 0.7251212972222223 0.5165427078125 0.7151129638888889 0.5160114578125 0.7132250000000001 0.5145244796874999 0.7107694444444445 0.5130375 0.7100148138888889 0.5111255203125 0.7102037027777778 0.5097447921875 0.7103925916666667 0.5085760421875001 0.7119027777777779 0.5077265625 0.7151129638888889 0.5079390625 0.7221000000000001 0.5068765625 0.7253101861111111 0.5064520828125 0.7288981472222221 0.5065578125 0.7332407416666666 0.5073015625 0.7358842583333334 0.5094260421875 0.7379620361111111 0.5112317703125 0.7396611111111112 0.5140994796875 0.7392833333333333 0.5167552078125001 0.7377731472222223
2 0.6298781250000001 0.7377731472222223 0.6321088546875 0.7362620361111111 0.6337020828125 0.7332407416666666 0.6325338546875 0.7247435194444445 0.6337020828125 0.7156796305555556 0.6337020828125 0.7136027777777778 0.631046875 0.7109583333333334 0.6281786453125 0.7086925916666666 0.6258416671875 0.7092592583333334 0.6242484375 0.7113361111111112 0.6239302078125 0.716812036111111 0.6233989578125 0.7205888888888888 0.6215932296875 0.7245546305555556 0.6210619796875 0.7273870361111111 0.6210619796875 0.7305972222222222 0.6220182296875 0.7338074083333332 0.6253109375 0.7362620361111111 0.6271166671875 0.7373953694444444 0.6298781250000001 0.7377731472222223