1 0.5587760421875 0.8452361111111112 0.9010364578125 0.8452361111111112 0.9010364578125 0.5079305555555556 0.5587760421875 0.5079305555555556 0.5587760421875 0.8452361111111112
1 1 0.4722222222222222 0.75 0.4722222222222222 0.75 0.7751296305555556 1 0.7751296305555556 1 0.4722222222222222
1 0.5290182296875 0.5462962972222222 0.7328880203125 0.5462962972222222 0.7328880203125 0.3637592583333333 0.5290182296875 0.3637592583333333 0.5290182296875 0.5462962972222222
1 0.3767630203125 0.6162453694444444 0.5548723953125 0.6162453694444444 0.5548723953125 0.38623611111111106 0.3767630203125 0.38623611111111106 0.3767630203125 0.6162453694444444
1 0.3973203125 0.4088981472222222 0.5250234375 0.4088981472222222 0.5250234375 0.31363888888888886 0.3973203125 0.31363888888888886 0.3973203125 0.4088981472222222
1 0.263578125 0.5006712972222223 0.3839322921875 0.5006712972222223 0.3839322921875 0.3300138888888889 0.263578125 0.3300138888888889 0.263578125 0.5006712972222223
1 0.3085 0.3956527777777778 0.40253125 0.3956527777777778 0.40253125 0.27710648055555553 0.3085 0.27710648055555553 0.3085 0.3956527777777778
1 0 0.4196620361111111 0.1196979171875 0.4196620361111111 0.1196979171875 0.2890046305555556 0 0.2890046305555556 0 0.4196620361111111
2 0.0363296875 0.29743240833333334 0.036853125 0.29482685277777776 0.0316182296875 0.2849620361111111 0.0282682296875 0.2765861111111111 0.0256505203125 0.2749111111111111 0.0221958328125 0.2752833333333333 0.0177984375 0.27621388888888887 0.0167515625 0.27863333333333334 0.0203109375 0.28738148055555557 0.020730207812500002 0.29240648055555557 0.0221958328125 0.2961296305555556 0.0242895828125 0.2991074083333333 0.0271166671875 0.30096851944444447 0.0296291671875 0.30096851944444447 0.0338171875 0.29929351944444443 0.0363296875 0.29743240833333334
2 0.3248744796875 0.34005555555555556 0.32623541718750004 0.33782222222222225 0.3266541671875 0.33465740833333335 0.3224666671875 0.3244203694444444 0.32100052031250004 0.31623148055555556 0.3201630203125 0.313625 0.3188020828125 0.31250833333333333 0.3167083328125 0.31195 0.3135671875 0.3123222222222222 0.3112640625 0.31492777777777775 0.3099026046875 0.3175342583333333 0.3102166671875 0.32107036944444445 0.311996875 0.329074075 0.3121015625 0.339125 0.313671875 0.3413583333333333 0.31587031250000003 0.3434055555555556 0.3183833328125 0.3434055555555556 0.3221520828125 0.342475 0.3248744796875 0.34005555555555556
2 0.345709375 0.284775925 0.34675625 0.28663703611111113 0.3483265625 0.2877537027777778 0.350315625 0.2875675916666667 0.3540848953125 0.28607870277777775 0.35649270781250003 0.28421759166666666 0.3575401046875 0.2829138888888889 0.3579588546875 0.28086666666666665 0.3534567703125 0.27044351944444445 0.3515723953125 0.26281203611111115 0.34843125 0.26188148055555555 0.3456041671875 0.2637435194444444 0.34371979218750004 0.26579074166666666 0.34371979218750004 0.26821018611111114 0.3456041671875 0.2760277777777778 0.345709375 0.284775925
2 0.4579442703125 0.32646851944444444 0.45972395781250003 0.3255379638888889 0.4607708328125 0.32293148055555554 0.4607708328125 0.3201398138888889 0.45920052031249997 0.3134388888888889 0.4595145828125 0.3037601861111111 0.45888645781250004 0.3015268527777778 0.45763020781249997 0.29929351944444443 0.4561645828125 0.2983629638888889 0.45438437499999995 0.29780463055555556 0.4525 0.2981768527777778 0.45040625 0.29929351944444443 0.4495682296875 0.30096851944444447 0.44946354218750006 0.3093444444444445 0.4484166671875 0.313625 0.4471604171875 0.318650925 0.44726510468749997 0.3221870361111111 0.44852135468750004 0.3246064805555556 0.4534421875 0.32739907500000004 0.4563739578125 0.3272129638888889 0.4579442703125 0.32646851944444444
2 0.4630744796875 0.41152870277777776 0.46454010468750007 0.40855092499999995 0.4650635421875 0.4050138888888889 0.4626557296875 0.3964518527777778 0.4615036453125 0.39272963055555554 0.4601427078125 0.38025925833333335 0.4595145828125 0.37765370277777777 0.45825833281249995 0.37579166666666663 0.45658333281249996 0.37523333333333336 0.4546984375 0.3756055555555555 0.45176718749999994 0.3761638888888889 0.44935885468750003 0.3782120361111111 0.44726510468749997 0.3804453694444444 0.4474744796875 0.3854703694444444 0.4479979171875 0.39384629722222225 0.44726510468749997 0.40445555555555557 0.4475791671875 0.40948148055555555 0.4488354171875 0.41376203611111106 0.45155781250000004 0.41562314722222227 0.45626927031250003 0.41599536944444443 0.4603520828125 0.4143203694444445 0.4630744796875 0.41152870277777776
2 0.62436875 0.3884805555555556 0.6276015625 0.388325 0.6298734375 0.385374075 0.6295239578125 0.3703074083333333 0.6317958328125 0.3595888888888889 0.6317083328125 0.356949075 0.6306598953125 0.35477407499999997 0.6291744796875001 0.3522888888888889 0.6269901046874999 0.35042500000000004 0.6242817703125 0.3501138888888889 0.6214854171875 0.3501138888888889 0.6195635421875 0.3513564805555556 0.6183401046875 0.35539536944444444 0.6168546874999999 0.3659574083333333 0.6131854171875 0.37620925833333335 0.6126609375000001 0.37822870277777776 0.6130104171874999 0.38071388888888885 0.6144083328125001 0.38351018611111115 0.6181656249999999 0.38723796388888887 0.6210489578125 0.38817036944444444 0.62436875 0.3884805555555556