1 0.0669661453125 0.6878287027777777 0.41490885468750005 0.6878287027777777 0.41490885468750005 0.3750416666666666 0.0669661453125 0.3750416666666666 0.0669661453125 0.6878287027777777
1 0.22097656250000003 0.9470925916666666 0.6279296875 0.9470925916666666 0.6279296875 0.4881296305555555 0.22097656250000003 0.4881296305555555 0.22097656250000003 0.9470925916666666
1 0.43776562500000005 0.580689813888889 0.661453125 0.580689813888889 0.661453125 0.422550925 0.43776562500000005 0.422550925 0.43776562500000005 0.580689813888889
1 0.6408046875 0.8605555555555556 0.9090911453125001 0.8605555555555556 0.9090911453125001 0.5151111111111111 0.6408046875 0.5151111111111111 0.6408046875 0.8605555555555556
1 0.6607630203125 0.574074075 0.8311015625 0.574074075 0.8311015625 0.44961111111111113 0.6607630203125 0.44961111111111113 0.6607630203125 0.574074075
1 0.8497005203124999 0.8306851861111112 0.9999973953125 0.8306851861111112 0.9999973953125 0.5370370361111111 0.8497005203124999 0.5370370361111111 0.8497005203124999 0.8306851861111112
1 0.8221692703124999 0.5939120361111111 0.9650286453125 0.5939120361111111 0.9650286453125 0.4775138888888889 0.8221692703124999 0.4775138888888889 0.8221692703124999 0.5939120361111111
1 1 0.49206018611111113 0.9233645828125001 0.49206018611111113 0.9233645828125001 0.5793657416666667 1 0.5793657416666667 1 0.49206018611111113
2 0.446875 0.525925925 0.44634635468750006 0.5340129638888889 0.4503989578125 0.5409759249999999 0.45715312499999994 0.5457787027777777 0.4670140625 0.5450583333333333 0.4730927078125 0.5412166666666667 0.47714479218749994 0.5383351861111111 0.47944166718750003 0.5323324083333334 0.47957656249999997 0.5275296305555556 0.4755239578125 0.5025574083333334 0.4747135421875 0.4749444444444444 0.4717416671875 0.4706222222222222 0.4671489578125 0.46870185277777776 0.46161041718750007 0.46774166666666667 0.45677083281249997 0.46944444444444444 0.4515625 0.47314814722222226 0.45 0.4787037027777778 0.4505208328125 0.5027777777777778 0.446875 0.525925925
2 0.2534609375 0.37304907499999995 0.2524208328125 0.38278796388888886 0.25290625 0.3856231472222222 0.25443177031249997 0.38845833333333335 0.2568588546875 0.39104629722222223 0.2606036453125 0.3927722222222222 0.2651807296875 0.3938814805555556 0.2689947921875 0.3933888888888889 0.27267031249999996 0.392649075 0.2762760421875 0.39092314722222227 0.2787729171875 0.3883351861111111 0.2809916671875 0.38352777777777775 0.2758598953125 0.3655305555555556 0.2755208328125 0.35370370277777774 0.2744791671875 0.34537036944444444 0.2734375 0.3416666666666667 0.26875 0.3379629638888889 0.25833333281250004 0.3379629638888889 0.2557291671875 0.3398148138888889 0.2541666671875 0.34444444444444444 0.2547786453125 0.3644203694444444 0.2534609375 0.37304907499999995
2 0.5654328125 0.4429092583333333 0.5689682296874999 0.44306666666666666 0.5711776046875 0.4419666666666667 0.5720614578125 0.42374259166666667 0.5753317703125 0.4083472222222222 0.5747130203124999 0.4058333333333333 0.5729453125 0.40316203611111107 0.5706473953125 0.40112036944444446 0.5681729171875001 0.39923518611111114 0.5648140625 0.3987638888888889 0.5616322921875 0.39923518611111114 0.5608369796875 0.4015916666666667 0.5580973953125 0.4147879638888889 0.5550036453125 0.42107222222222224 0.552440625 0.4279842583333333 0.5523526046875 0.4314407416666667 0.554296875 0.43505463055555554 0.5570364578125 0.4374111111111111 0.5598692703125 0.43925555555555557 0.5654328125 0.4429092583333333
2 0.7900833328125 0.564575925 0.7956510421874999 0.5655185194444444 0.8000703124999999 0.5647324083333333 0.8011307296875 0.5581342583333334 0.8036057296875001 0.5419527777777778 0.8100572921875001 0.5232574083333333 0.8094385421875 0.5199583333333333 0.8054614578124999 0.5146166666666667 0.8013078124999999 0.5110037027777777 0.79618125 0.5080185194444444 0.7921161453125001 0.5066046305555556 0.7897296875 0.5077046305555555 0.7828359375 0.5259277777777778 0.7741744796875001 0.5386537027777778 0.7725833328125 0.5417953694444445 0.7737322921875001 0.5463518527777778 0.7768260421875001 0.5520074083333333 0.7808911453125 0.555935186111111 0.7849640625000001 0.5597388888888889 0.7900833328125 0.564575925
2 0.7621541671875 0.47062777777777776 0.7649828125 0.47094166666666665 0.7660432296875 0.46952777777777777 0.7659546875000001 0.4536611111111111 0.7683411453125 0.4420351861111111 0.7680760421875 0.4392074083333333 0.7650708328125 0.436850925 0.7621541671875 0.43512222222222224 0.7593260421875 0.43449444444444446 0.7546421875 0.43480833333333335 0.7541114578125 0.43606481388888885 0.7515484375 0.4467481472222222 0.7474828125 0.45947314722222227 0.7463338546875 0.46245833333333336 0.7472177078125 0.4640296305555556 0.7503994796875 0.4660722222222222 0.7551135421875 0.46950648055555555 0.7588843749999999 0.47031388888888886 0.7621541671875 0.47062777777777776