1 0.48352864531249995 0.9484675916666666 0.5917109375 0.9484675916666666 0.5917109375 0.7501620361111111 0.48352864531249995 0.7501620361111111 0.48352864531249995 0.9484675916666666
1 0.5933151046875 0.9721898138888889 0.7421744796875 0.9721898138888889 0.7421744796875 0.7738472222222221 0.5933151046875 0.7738472222222221 0.5933151046875 0.9721898138888889
1 0.5102447921875 0.794375 0.5994427078125 0.794375 0.5994427078125 0.6512546305555555 0.5102447921875 0.6512546305555555 0.5102447921875 0.794375
1 0.4202161453125 0.7861388888888888 0.4976276046875 0.7861388888888888 0.4976276046875 0.6384907416666666 0.4202161453125 0.6384907416666666 0.4202161453125 0.7861388888888888
1 0.45338541718750003 0.6960740750000001 0.5162291671875 0.6960740750000001 0.5162291671875 0.5837962972222221 0.45338541718750003 0.5837962972222221 0.45338541718750003 0.6960740750000001
1 0.380640625 0.6848425916666666 0.4431927078125 0.6848425916666666 0.4431927078125 0.5754351861111111 0.380640625 0.5754351861111111 0.380640625 0.6848425916666666
1 0.41587239531250003 0.6257453694444445 0.46899218749999994 0.6257453694444445 0.46899218749999994 0.5360879638888889 0.41587239531250003 0.5360879638888889 0.41587239531250003 0.6257453694444445
1 0.250546875 0.5784814805555556 0.3259427078125 0.5784814805555556 0.3259427078125 0.5065000000000001 0.250546875 0.5065000000000001 0.250546875 0.5784814805555556
1 0.20317968749999998 0.6230648138888889 0.2932682296875 0.6230648138888889 0.2932682296875 0.5386203694444445 0.20317968749999998 0.5386203694444445 0.20317968749999998 0.6230648138888889
1 0.1500963546875 0.6114351861111111 0.2422682296875 0.6114351861111111 0.2422682296875 0.5291944444444444 0.1500963546875 0.5291944444444444 0.1500963546875 0.6114351861111111
1 0.0777838546875 0.6646342583333333 0.1927786453125 0.6646342583333333 0.1927786453125 0.5677916666666667 0.0777838546875 0.5677916666666667 0.0777838546875 0.6646342583333333
1 0.0234036453125 0.6505648138888889 0.1412421875 0.6505648138888889 0.1412421875 0.554212963888889 0.0234036453125 0.554212963888889 0.0234036453125 0.6505648138888889
2 0.0831661453125 0.5669500000000001 0.0855765625 0.5661944444444444 0.0881291671875 0.5635472222222222 0.08777447968749999 0.5612787027777778 0.0857895828125 0.5571185194444445 0.0852223953125 0.5533379638888889 0.0843713546875 0.5515731472222222 0.08309531249999999 0.5509425916666667 0.0805427078125 0.5508166666666667 0.0790536453125 0.5523296305555555 0.07770677031249999 0.5545981472222222 0.0783447921875 0.5598916666666667 0.0780614578125 0.5663203694444445 0.0799046875 0.5674546305555556 0.0831661453125 0.5669500000000001
2 0.13889374999999998 0.5791768527777778 0.1410208328125 0.5764037027777777 0.1413041671875 0.5751435194444444 0.1398864578125 0.5716138888888889 0.1394609375 0.5695972222222222 0.1387520828125 0.5653120361111111 0.1380427078125 0.5635472222222222 0.13619947968749999 0.5634212972222222 0.133434375 0.563925 0.1310947921875 0.5646814805555556 0.130953125 0.5677064805555556 0.13137812499999998 0.5727481472222222 0.131165625 0.5784203694444444 0.1323 0.5801851861111111 0.1362703125 0.5803111111111111 0.13889374999999998 0.5791768527777778
2 0.1995135421875 0.5374555555555556 0.20149843750000002 0.5354388888888889 0.20029322968750002 0.5310277777777778 0.1998682296875 0.5278768527777777 0.1992296875 0.524725 0.1973864578125 0.5234648138888889 0.195046875 0.5234648138888889 0.1932744796875 0.5249777777777778 0.1927072921875 0.5274981472222222 0.1928489578125 0.5316574083333333 0.1929197921875 0.5355648138888889 0.192990625 0.5372037027777778 0.1946921875 0.5379601861111112 0.19696093750000002 0.538463888888889 0.1995135421875 0.5374555555555556
2 0.2517671875 0.5471611111111111 0.25332656249999996 0.5451444444444444 0.252759375 0.542875925 0.2516963546875 0.5388425916666666 0.2512 0.5359435194444444 0.250065625 0.5344305555555556 0.248009375 0.5332962972222223 0.2462369796875 0.5339268527777777 0.24538593749999998 0.5358175916666666 0.2451026046875 0.5382120361111111 0.2452442703125 0.5423712972222222 0.2451026046875 0.5464046305555555 0.245953125 0.548674075 0.24701666718749998 0.5491777777777778 0.2492854171875 0.5491777777777778 0.2517671875 0.5471611111111111
2 0.29104583281249996 0.5136333333333333 0.2919677078125 0.5122472222222222 0.29104583281249996 0.5078351861111111 0.29104583281249996 0.5051879638888889 0.2909041671875 0.5027935194444444 0.28962760468750004 0.5012805555555556 0.2877135421875 0.5014074083333333 0.2859411453125 0.5015333333333333 0.2848067703125 0.5031712972222222 0.28501927031249996 0.506449075 0.2847354171875 0.5089694444444445 0.2848776046875 0.5118685194444444 0.285728125 0.5147675916666666 0.287784375 0.5152722222222222 0.28962760468750004 0.5146416666666667 0.29104583281249996 0.5136333333333333
2 0.44546666718749994 0.5490518527777778 0.44546666718749994 0.5469092583333334 0.44411979218750003 0.5433796305555556 0.44404843749999995 0.5389685194444445 0.4436942703125 0.5373296305555556 0.44263072968749995 0.5355648138888889 0.4405744796875 0.5356916666666667 0.43894374999999997 0.5374555555555556 0.43830572968750003 0.5406074083333333 0.4386604171875 0.5442620361111111 0.4385182296875 0.5475398138888888 0.4385182296875 0.5500601861111112 0.4395817703125 0.551699075 0.4415671875 0.551825 0.44376510468749997 0.5506907416666666 0.44546666718749994 0.5490518527777778
2 0.4160432296875 0.5948064805555556 0.4166104171875 0.5936722222222223 0.4163973953125 0.591025 0.41490885468750005 0.5859833333333333 0.4146958328125 0.5803111111111111 0.41391614531250004 0.5782944444444444 0.4124979171875 0.5776638888888889 0.4102291671875 0.5780425916666667 0.40852760468750005 0.5801851861111111 0.40824375 0.581824075 0.4086692703125 0.5871175916666667 0.4083151046875 0.5925379638888889 0.4086692703125 0.5945546305555556 0.40952031250000004 0.5963185194444445 0.41058385468749997 0.5965712972222222 0.413490625 0.5959407416666667 0.4160432296875 0.5948064805555556
2 0.4860927078125 0.6074111111111111 0.48687239531250004 0.60615 0.48786510468750005 0.5994703694444444 0.4887869796875 0.593924075 0.48885781250000004 0.5914027777777778 0.48736875 0.5896388888888889 0.4851 0.5891342583333333 0.48354010468749997 0.5896388888888889 0.4822640625 0.5954370361111111 0.4803494796875 0.599974075 0.48006614531249997 0.6024953694444445 0.4807041671875 0.6056462972222222 0.482121875 0.6070324083333334 0.483965625 0.6076629638888889 0.4860927078125 0.6074111111111111
2 0.4626953125 0.6727018527777777 0.4641135421875 0.6713157416666666 0.4644677078125 0.6691731472222222 0.46276614531250004 0.661862036111111 0.4625536453125 0.657199075 0.46241197968750003 0.6551814805555556 0.46191562499999994 0.6534175916666667 0.4605682296875 0.6520305555555556 0.45808697968749995 0.6522833333333333 0.45610156249999995 0.6534175916666667 0.45510885468750006 0.6556861111111111 0.45539270781249996 0.6623666666666667 0.45454166718750005 0.6669037027777778 0.4544708328125 0.669550925 0.45539270781249996 0.6721981472222223 0.45709427031249994 0.6745925916666666 0.45865416718749996 0.6749712972222223 0.4608520828125 0.6743407416666667 0.4626953125 0.6727018527777777
2 0.5557166671875 0.6888361111111111 0.556709375 0.6870712972222222 0.5560713546875 0.6793824083333333 0.5562130203125 0.6703074083333334 0.5557875 0.6686685194444444 0.5543697921875 0.6674083333333333 0.5520296874999999 0.6671564805555555 0.5498317703125 0.6671564805555555 0.5486973953125001 0.669299075 0.5486973953125001 0.6763574083333334 0.5470666671875 0.6830379638888888 0.546925 0.6855583333333333 0.548271875 0.6873231472222222 0.5514625 0.6894657416666666 0.5539442703125 0.6897185194444444 0.5557166671875 0.6888361111111111