1 0.07961458333333334 0.6768148148148149 0.150296875 0.16312962962962962
1 0.15476041666666665 0.8132685185185186 0.14384895833333333 0.17327777777777775
1 0.23350520833333333 0.674601851851852 0.13665625 0.15696296296296297
1 0.30592708333333335 0.803787037037037 0.13466666666666666 0.16312962962962962
1 0.37884375 0.6673240740740741 0.13268229166666667 0.1565185185185185
1 0.45238020833333337 0.8004907407407407 0.130453125 0.1600462962962963
1 0.52690625 0.6613796296296296 0.13020833333333334 0.15519444444444447
1 0.5957343749999999 0.7993796296296297 0.12896875 0.15961111111111112
1 0.6690208333333333 0.665787037037037 0.13020833333333334 0.1525462962962963
1 0.025052083333333332 0.8042407407407408 0.05009895833333333 0.14725925925925926
2 0.052753125 0.6983027777777778 0.05786197916666667 0.6957675925925926 0.065228125 0.6955564814814815 0.06879270833333333 0.6911212962962963 0.07021822916666666 0.6868962962962962 0.07045625000000001 0.68225 0.06962447916666667 0.6782361111111112 0.06712916666666667 0.6752796296296296 0.06451510416666667 0.673800925925926 0.062020312499999994 0.6742231481481481 0.05726770833333333 0.6803481481481481 0.0506140625 0.6826722222222221 0.0477625 0.686262962962963 0.047168749999999995 0.6894314814814815 0.047525000000000005 0.6932333333333334 0.048594270833333335 0.6964018518518519 0.0501390625 0.6980916666666667
2 0.13330781249999998 0.8474259259259259 0.13592187500000003 0.8461583333333333 0.14091197916666667 0.8408777777777778 0.14221875 0.8385546296296297 0.1453078125 0.8379203703703704 0.148159375 0.8349638888888888 0.14910989583333334 0.8313731481481482 0.14922864583333334 0.826937037037037 0.14863489583333334 0.8241916666666667 0.14590208333333335 0.8212342592592593 0.14340729166666666 0.8197555555555556 0.14043697916666667 0.8197555555555556 0.13841666666666666 0.8227129629629629 0.13532760416666667 0.8284157407407408 0.1303375 0.8334851851851852 0.12855520833333334 0.837075925925926 0.12831770833333334 0.8417231481481482 0.12974375 0.8459472222222223