1 0.2409375 0.5314351851851852 0.3479427083333333 0.31278703703703703
1 0.42445312500000004 0.7176111111111111 0.406953125 0.45896296296296296
1 0.549609375 0.5016203703703703 0.2236875 0.15813888888888888
1 0.7749479166666667 0.6878333333333333 0.26828645833333337 0.34544444444444444
1 0.7459322916666667 0.5118425925925926 0.17033854166666668 0.12446296296296296
1 0.9248489583333334 0.6838611111111111 0.150296875 0.29364814814814816
1 0.8935989583333334 0.535712962962963 0.142859375 0.11639814814814814
1 0.9616822916666667 0.535712962962963 0.07663541666666666 0.08730555555555557
2 0.45 0.4787037037037037 0.4505208333333333 0.5027777777777778 0.446875 0.5259259259259259 0.4463463541666667 0.534012962962963 0.4503989583333333 0.5409759259259259 0.457153125 0.5457787037037037 0.4670140625 0.5450583333333333 0.47309270833333333 0.5412166666666667 0.4771447916666667 0.5383351851851852 0.47944166666666665 0.5323324074074074 0.4795765625 0.5275296296296296 0.47552395833333333 0.5025574074074074 0.4747135416666667 0.4749444444444445 0.47174166666666667 0.4706222222222222 0.46714895833333336 0.4687018518518518 0.4616104166666667 0.46774166666666667 0.45677083333333335 0.46944444444444444 0.4515625 0.47314814814814815
2 0.25416666666666665 0.34444444444444444 0.2547786458333333 0.3644203703703704 0.2534609375 0.37304907407407406 0.25242083333333337 0.38278796296296297 0.25290625 0.3856231481481482 0.25443177083333335 0.38845833333333335 0.25685885416666665 0.3910462962962963 0.26060364583333334 0.39277222222222224 0.2651807291666667 0.3938814814814815 0.2689947916666667 0.3933888888888889 0.2726703125 0.39264907407407407 0.2762760416666667 0.39092314814814816 0.2787729166666667 0.38833518518518517 0.2809916666666667 0.38352777777777775 0.2758598958333333 0.3655305555555556 0.2755208333333333 0.3537037037037037 0.27447916666666666 0.3453703703703704 0.2734375 0.3416666666666667 0.26875 0.33796296296296297 0.25833333333333336 0.33796296296296297 0.2557291666666667 0.3398148148148148
2 0.5598692708333334 0.43925555555555557 0.5570364583333334 0.4374111111111111 0.554296875 0.4350546296296296 0.5523526041666666 0.43144074074074074 0.5524406249999999 0.42798425925925926 0.5550036458333333 0.4210722222222222 0.5580973958333334 0.41478796296296294 0.5608369791666666 0.4015916666666667 0.5616322916666667 0.39923518518518514 0.5648140625 0.3987638888888889 0.5681729166666667 0.39923518518518514 0.5706473958333333 0.40112037037037035 0.5729453125 0.40316203703703707 0.5747130208333334 0.4058333333333333 0.5753317708333333 0.4083472222222222 0.5720614583333333 0.4237425925925926 0.5711776041666667 0.4419666666666667 0.5689682291666667 0.44306666666666666 0.5654328125 0.4429092592592592
2 0.7849640625000001 0.5597388888888889 0.7808911458333333 0.5559351851851851 0.7768260416666667 0.5520074074074074 0.7737322916666667 0.5463518518518518 0.7725833333333333 0.5417953703703704 0.7741744791666666 0.5386537037037037 0.7828359375 0.5259277777777778 0.7897296874999999 0.5077046296296297 0.7921161458333333 0.5066046296296297 0.79618125 0.5080185185185185 0.8013078124999999 0.5110037037037037 0.8054614583333334 0.5146166666666666 0.8094385416666667 0.5199583333333333 0.8100572916666666 0.5232574074074074 0.8036057291666666 0.5419527777777777 0.8011307291666667 0.5581342592592592 0.8000703125 0.5647324074074074 0.7956510416666667 0.5655185185185185 0.7900833333333334 0.5645759259259259
2 0.7551135416666667 0.4695064814814815 0.7588843749999999 0.4703138888888889 0.7621541666666667 0.4706277777777778 0.7649828125 0.4709416666666667 0.7660432291666667 0.46952777777777777 0.7659546875000001 0.4536611111111111 0.7683411458333332 0.4420351851851852 0.7680760416666667 0.4392074074074074 0.7650708333333333 0.4368509259259259 0.7621541666666667 0.43512222222222224 0.7593260416666666 0.43449444444444446 0.7546421875 0.43480833333333335 0.7541114583333334 0.4360648148148148 0.7515484375 0.44674814814814817 0.7474828124999999 0.45947314814814816 0.7463338541666666 0.4624583333333333 0.7472177083333332 0.4640296296296296 0.7503994791666667 0.4660722222222222