1 0.7282604166666666 0.7933611111111112 0.13063020833333333 0.1648425925925926
1 0.6616510416666667 0.6597314814814814 0.12990625 0.15562037037037035
1 0.5894739583333333 0.7932962962962963 0.130609375 0.16611111111111113
1 0.5184114583333334 0.6613796296296296 0.13065104166666666 0.16015740740740741
1 0.4456875 0.7988611111111111 0.13169791666666666 0.1688148148148148
1 0.375 0.65675 0.13988020833333334 0.16799074074074075
1 0.3020833333333333 0.7923240740740741 0.138390625 0.17725000000000002
1 0.22767708333333334 0.6666666666666666 0.142859375 0.1640185185185185
1 0.15016145833333333 0.8056388888888889 0.14685937500000001 0.1708148148148148
1 0.074640625 0.6701388888888888 0.14927604166666666 0.16799074074074075
2 0.7417786458333333 0.8261111111111111 0.7455114583333333 0.8258305555555556 0.7472307291666667 0.8232833333333333 0.7479473958333334 0.8184435185185185 0.7470874999999999 0.8148768518518519 0.7423593749999999 0.8079999999999999 0.7409265625 0.8036694444444444 0.7377739583333334 0.8013768518518518 0.7350515625 0.8008675925925927 0.7327588541666666 0.8021407407407407 0.7308963541666667 0.8057074074074074 0.7308963541666667 0.8095277777777777 0.7311078125 0.813412962962963 0.7318822916666666 0.8164731481481482 0.7342921874999999 0.8192268518518518 0.7373901041666666 0.8201444444444445
2 0.66803125 0.6763398148148149 0.6700963541666667 0.6786351851851852 0.6726781249999999 0.6795527777777778 0.6744848958333333 0.6790935185185185 0.6761203125 0.676799074074074 0.6768947916666667 0.6745046296296296 0.6769807291666667 0.6706796296296296 0.6764640624999999 0.6683851851851852 0.6749151041666667 0.6657842592592593 0.6731083333333333 0.6636425925925926 0.6720755208333333 0.6605824074074074 0.6708708333333333 0.6581351851851851 0.6690635416666667 0.6567583333333333 0.6663098958333333 0.6566055555555556 0.6643307291666667 0.6584407407407408 0.662265625 0.6619592592592594 0.6620072916666667 0.665325 0.6619213541666666 0.669762037037037 0.6628677083333333 0.6728212962962964 0.664503125 0.6751157407407408 0.6661380208333333 0.6758814814814815
2 0.5947135416666666 0.8251925925925926 0.5964348958333333 0.8250398148148148 0.5979838541666667 0.8235101851851852 0.5989302083333333 0.8209092592592593 0.5992744791666667 0.8186148148148149 0.5991026041666667 0.814637037037037 0.5981557291666667 0.8118833333333333 0.5985859375 0.8080583333333333 0.5979838541666667 0.8049990740740741 0.5970369791666666 0.8022453703703704 0.5944557291666667 0.7996444444444444 0.5922182291666667 0.799186111111111 0.590325 0.7994916666666667 0.5888619791666667 0.8011740740740741 0.5877432291666668 0.8042342592592593 0.58696875 0.8077527777777779 0.5873989583333333 0.8117305555555555 0.5886041666666666 0.814025 0.5899807291666667 0.816625925925926 0.5910994791666667 0.8207564814814815 0.5923901041666666 0.8235101851851852
2 0.5207078125 0.6806231481481482 0.5233755208333333 0.6797055555555556 0.5249244791666666 0.6771046296296297 0.5254411458333333 0.6743509259259259 0.5259572916666666 0.6709851851851851 0.5258713541666666 0.6667018518518518 0.5249244791666666 0.6616537037037037 0.5231177083333333 0.6585935185185184 0.5199333333333334 0.6572166666666667 0.516921875 0.658287962962963 0.5143401041666666 0.6616537037037037 0.5133072916666667 0.6656314814814814 0.5132213541666667 0.6699148148148149 0.5131354166666667 0.6743509259259259 0.5154588541666667 0.6775638888888889 0.5170078124999999 0.6797055555555556
2 0.4433463541666667 0.8314648148148148 0.44549739583333337 0.831312037037037 0.447390625 0.8296296296296296 0.4482510416666667 0.8268759259259258 0.44876770833333335 0.8241222222222222 0.4494557291666667 0.8212157407407408 0.4508328125 0.8195324074074074 0.45117708333333334 0.8154018518518519 0.450746875 0.810200925925926 0.4491114583333333 0.8069879629629629 0.4465302083333333 0.8048462962962963 0.44403437500000004 0.8046935185185184 0.4415390625 0.8054583333333333 0.43964583333333335 0.8094351851851852 0.4389572916666667 0.8137194444444444 0.4393875 0.8172379629629629 0.43990416666666665 0.8193796296296296 0.4395598958333334 0.8218268518518518 0.43964583333333335 0.8259574074074074 0.44024843750000003 0.8282527777777778 0.4417109375 0.8307
2 0.13 0.838374074074074 0.1343703125 0.8345888888888889 0.13672395833333334 0.8316 0.14120677083333336 0.8290101851851852 0.1428875 0.8248268518518519 0.143 0.8206425925925925 0.14187916666666667 0.8162592592592592 0.14019791666666667 0.8136694444444444 0.13750833333333334 0.8116768518518518 0.13571510416666666 0.8116768518518518 0.13056041666666665 0.819049074074074 0.12686197916666667 0.8228342592592592 0.12406041666666666 0.8260222222222222 0.122603125 0.8296083333333333 0.1222671875 0.8339916666666667 0.12282760416666667 0.8371787037037037 0.1247328125 0.8395694444444445 0.127534375 0.8403666666666667
2 0.045051562499999996 0.6911407407407407 0.049534375 0.6891481481481482 0.05614635416666667 0.6893481481481482 0.059172395833333336 0.6865583333333333 0.060853124999999994 0.6823750000000001 0.06264635416666667 0.6779916666666667 0.061638020833333335 0.6726120370370371 0.058835937500000005 0.6688268518518519 0.05614635416666667 0.6670333333333333 0.05300833333333333 0.6670333333333333 0.05132760416666667 0.6686277777777778 0.04774114583333333 0.6726120370370371 0.04124114583333334 0.6767962962962963 0.0393359375 0.6791870370370371 0.038551562500000004 0.682175 0.03866354166666666 0.6867574074074074 0.0402328125 0.6901444444444444 0.04191354166666667 0.6921370370370371