1 0.6462083333333334 0.9208148148148149 0.145765625 0.15837037037037036
1 0.7906145833333333 0.9213611111111112 0.17363541666666665 0.1572777777777778
1 0.63034375 0.7744722222222222 0.13203125 0.18337962962962964
1 0.5161979166666667 0.7777129629629629 0.11261979166666666 0.19012037037037038
1 0.5192447916666667 0.647611111111111 0.08759375 0.12108333333333335
1 0.42620312499999996 0.6584907407407407 0.08117187499999999 0.1409351851851852
1 0.4453802083333333 0.5719722222222222 0.06594791666666668 0.10112037037037036
1 0.23350520833333333 0.5467962962962962 0.10334895833333334 0.09734259259259259
1 0.18583333333333335 0.6162222222222222 0.12761458333333334 0.12543518518518518
1 0.105015625 0.6083333333333333 0.13859895833333333 0.1189537037037037
1 0.05297916666666667 0.7052777777777778 0.10596354166666666 0.15969444444444444
2 0.009941666666666666 0.6650703703703703 0.013533854166666666 0.665962037037037 0.016958854166666665 0.6652194444444445 0.020802083333333332 0.6625462962962962 0.0230578125 0.6594268518518519 0.024561458333333334 0.6569018518518518 0.024979166666666667 0.6542287037037037 0.022890625 0.6514074074074074 0.020969270833333335 0.6487333333333333 0.0180453125 0.6414564814814815 0.016958854166666665 0.6404166666666666 0.014786979166666665 0.6401194444444444 0.012447916666666666 0.6404166666666666 0.009774479166666666 0.6419018518518519 0.008270833333333333 0.6442777777777778 0.007101041666666667 0.6468027777777778 0.007017708333333333 0.6493277777777777 0.009022395833333334 0.6546740740740741
2 0.1001671875 0.5725435185185185 0.10409375000000001 0.5726916666666666 0.10618229166666666 0.5719490740740741 0.1081875 0.5701666666666666 0.1101921875 0.5676416666666667 0.1101921875 0.5655629629629629 0.10760260416666667 0.5600675925925926 0.10668333333333332 0.5550175925925925 0.1060984375 0.5536814814814814 0.10459479166666667 0.5529388888888889 0.10200520833333333 0.5529388888888889 0.0998328125 0.5536814814814814 0.0985796875 0.5556120370370371 0.09741041666666667 0.5581370370370371 0.09899739583333332 0.5630379629629629 0.09933177083333335 0.5718
2 0.1842109375 0.5796722222222223 0.18755260416666666 0.5784842592592593 0.18980781249999998 0.5764046296296297 0.19147864583333335 0.5741768518518519 0.1917296875 0.5715037037037037 0.18905625 0.5670481481481482 0.18830416666666666 0.5630379629629629 0.18755260416666666 0.5612555555555555 0.18571458333333332 0.5599185185185185 0.1838765625 0.5593250000000001 0.18203854166666666 0.5596222222222222 0.1804515625 0.5614037037037037 0.17961614583333332 0.5642259259259259 0.18061822916666664 0.5686814814814816 0.1810359375 0.5772953703703704 0.18220572916666666 0.5795231481481481
2 0.23007552083333332 0.5156601851851852 0.2337510416666667 0.5153629629629629 0.23600677083333332 0.5135805555555556 0.23742708333333334 0.5117981481481481 0.23725989583333332 0.5086796296296296 0.235421875 0.5048185185185184 0.23517135416666665 0.5000657407407407 0.23383489583333333 0.49798611111111113 0.2318296875 0.49798611111111113 0.229490625 0.4985805555555555 0.22865520833333333 0.5000657407407407 0.2282375 0.5025907407407407 0.22873854166666666 0.5067490740740741 0.2282375 0.51165 0.22907291666666665 0.5146203703703703
2 0.44452604166666665 0.5453518518518519 0.4471817708333334 0.5438407407407407 0.44813749999999997 0.5411972222222222 0.44803125 0.5377981481481482 0.4463317708333333 0.5340212962962964 0.4458010416666667 0.529112037037037 0.4449510416666667 0.5268462962962963 0.4437828125 0.5264685185185185 0.44144583333333337 0.5270342592592593 0.4401713541666667 0.5285453703703703 0.43942760416666665 0.5315666666666666 0.44027760416666667 0.5370425925925926 0.44006510416666667 0.5396861111111111 0.4401713541666667 0.5428962962962963 0.4412333333333333 0.544974074074074 0.4429328125 0.5461064814814814
2 0.42349479166666665 0.5993583333333333 0.4212640625 0.5995472222222222 0.4196708333333333 0.6008685185185185 0.4193520833333333 0.603512037037037 0.4194583333333333 0.6108768518518518 0.4187151041666667 0.6155972222222222 0.41882135416666666 0.6184305555555555 0.42073333333333335 0.6210740740740741 0.4238135416666667 0.6214518518518518 0.4263625 0.6208851851851852 0.42827447916666667 0.6188074074074075 0.42880572916666665 0.6150314814814816 0.42710624999999997 0.6095546296296296 0.42721250000000005 0.6027574074074074 0.42668124999999996 0.6004907407407407 0.4248755208333333 0.5987916666666667
2 0.5137807291666666 0.6223953703703704 0.5160114583333333 0.6235287037037036 0.5181359375 0.622962037037037 0.5198354166666667 0.6223953703703704 0.5201541666666667 0.6137092592592593 0.5206854166666667 0.6086111111111111 0.5207911458333333 0.6044564814814815 0.5200479166666666 0.6025685185185186 0.5187734374999999 0.6012462962962963 0.5166489583333334 0.6008685185185185 0.5146307291666666 0.6008685185185185 0.51356875 0.6027574074074074 0.51293125 0.6093657407407408 0.5116567708333333 0.6135203703703703 0.5108067708333334 0.6163527777777777 0.5111255208333333 0.6193740740740741
2 0.5112317708333334 0.7396611111111111 0.5140994791666667 0.7392833333333334 0.5167552083333333 0.7377731481481481 0.5184546875 0.7349407407407408 0.5185609375 0.7319194444444445 0.5164364583333333 0.7251212962962963 0.5165427083333333 0.715112962962963 0.5160114583333333 0.713225 0.5145244791666667 0.7107694444444445 0.5130375 0.7100148148148149 0.5111255208333333 0.7102037037037037 0.5097447916666666 0.7103925925925927 0.5085760416666667 0.7119027777777778 0.5077265625 0.715112962962963 0.5079390625 0.7221000000000001 0.5068765625 0.7253101851851852 0.5064520833333334 0.7288981481481481 0.5065578125 0.7332407407407407 0.5073015625 0.7358842592592593 0.5094260416666666 0.7379620370370371
2 0.6253109375 0.7362620370370371 0.6271166666666667 0.7373953703703703 0.629878125 0.7377731481481481 0.6321088541666666 0.7362620370370371 0.6337020833333333 0.7332407407407407 0.6325338541666666 0.7247435185185185 0.6337020833333333 0.7156796296296296 0.6337020833333333 0.7136027777777778 0.6310468749999999 0.7109583333333334 0.6281786458333334 0.7086925925925927 0.6258416666666666 0.7092592592592593 0.6242484375 0.7113361111111112 0.6239302083333332 0.7168120370370371 0.6233989583333333 0.7205888888888888 0.6215932291666667 0.7245546296296297 0.6210619791666667 0.727387037037037 0.6210619791666667 0.7305972222222222 0.6220182291666667 0.7338074074074074