1 0.8923854166666667 0.7244537037037037 0.21523177083333334 0.25221296296296297
1 0.7352421875 0.5810185185185185 0.1840286458333333 0.19907407407407407
1 0.5963541666666666 0.6921296296296297 0.21345052083333332 0.24720833333333334
1 0.49102604166666663 0.5586435185185186 0.17119791666666667 0.19519907407407408
1 0.3655807291666667 0.6787824074074075 0.2021640625 0.22877314814814814
1 0.3071510416666667 0.5452314814814815 0.1709375 0.1530277777777778
1 0.15316666666666665 0.667962962962963 0.20164583333333336 0.2245601851851852
1 0.135171875 0.5244444444444444 0.16716145833333332 0.16283333333333336
2 0.5859617187499999 0.6140421296296296 0.5874096354166666 0.6198773148148148 0.5907882812499999 0.6241675925925926 0.5943601562499999 0.6251972222222222 0.59880078125 0.6239962962962964 0.6021794270833334 0.6222800925925925 0.6040135416666667 0.6166166666666667 0.60188984375 0.6054615740740741 0.6021794270833334 0.5907027777777777 0.6006348958333334 0.5867555555555556 0.596875 0.5842592592592593 0.5916666666666667 0.5847222222222223 0.5903645833333333 0.5879629629629629 0.5888020833333333 0.6023148148148149
2 0.482615625 0.488225462962963 0.4829291666666667 0.4912916666666667 0.4848106770833333 0.4938004629629629 0.489828125 0.4971453703703704 0.4937481770833333 0.4972847222222222 0.4965703125 0.4936611111111111 0.49531614583333333 0.48167499999999996 0.4961783854166667 0.4696888888888889 0.49500234375 0.4674587962962963 0.4923369791666667 0.4655074074074074 0.48723958333333334 0.4652777777777778 0.4861979166666667 0.4671296296296296 0.48551640625000003 0.4779115740740741
2 0.12769192708333332 0.47499583333333334 0.13111432291666666 0.4735273148148148 0.13294348958333332 0.4714291666666667 0.13430078125 0.46933148148148146 0.135421875 0.4663939814814815 0.13288463541666667 0.4608342592592593 0.13081927083333333 0.4575824074074074 0.12958020833333334 0.45013425925925926 0.12875390625 0.44782638888888887 0.12727890625 0.44604305555555557 0.1261578125 0.4454138888888889 0.12297135416666666 0.44530879629629627 0.12108307291666667 0.44604305555555557 0.11919479166666667 0.44751157407407405 0.11777864583333333 0.44919027777777776 0.11701145833333333 0.45076388888888885 0.11683463541666667 0.4529666666666667 0.11754270833333333 0.4554842592592593 0.11925390625 0.4616736111111111 0.11913593750000001 0.46744305555555554 0.11948984375 0.4733175925925926 0.12078802083333334 0.47478611111111113 0.12326640625 0.47573055555555555 0.12527265625 0.47625462962962967