2 0.8041666671875 0.4939814805555556 0.8041666671875 0.4981481472222222 0.8062835937499999 0.5052893527777778 0.8103942703125 0.5105092583333334 0.81614921875 0.5151027777777778 0.8220216140625001 0.5165643527777778 0.82742421875 0.5167731472222222 0.8324744796875001 0.5148939805555556 0.8359979171875 0.5109268527777778 0.8378770828125001 0.5063333333333333 0.8356770828125001 0.48055555555555557 0.8390625 0.45555555555555555 0.8388020828125 0.4532407416666666 0.8348958328125 0.44722222222222224 0.828125 0.4425925916666667 0.8197901046875 0.44181481388888894 0.8158854171875 0.44583333333333336 0.8140625 0.450925925 0.81171875 0.4708333333333333 0.8041666671875 0.4939814805555556
2 0.7020833328125 0.28240740833333333 0.70222421875 0.28855786944444445 0.70574765625 0.2952393527777778 0.7096234375 0.2979537027777778 0.7157307296875 0.299624075 0.7210158859375 0.29858009166666666 0.7253614578125 0.29544814722222223 0.7266533859375001 0.2918986111111111 0.7252440109375 0.27164536944444445 0.7265625 0.26018518611111113 0.72759296875 0.25264444444444445 0.7270057296875 0.24909490833333334 0.7248916671875001 0.2457541666666667 0.7207809890625 0.24303981388888887 0.7169270828125 0.24259259166666666 0.7143213546875 0.24241342500000002 0.710328125 0.24512777777777778 0.7090361984375 0.25034768611111113 0.7076268234375 0.2655902777777778 0.7020833328125 0.28240740833333333
2 0.45957578125 0.3284379638888889 0.4619247390625 0.33386666666666664 0.46544817656250004 0.3382513888888889 0.46967630156249995 0.34013055555555555 0.4762533859375 0.339086575 0.4815385421875 0.3357458333333333 0.48494453125000003 0.3313611111111111 0.4860015625 0.3265587972222222 0.484375 0.31898148055555553 0.4816559890625 0.30630555555555555 0.48106875000000004 0.28605231388888885 0.47890625 0.28287036944444444 0.47660572968750003 0.28083240833333334 0.47155546875 0.27999722222222223 0.46521328124999994 0.2818763888888889 0.4626294265625 0.2852171305555556 0.4622395828125 0.2916666666666667 0.46276041718750005 0.30864213055555556 0.45957578125 0.3284379638888889
2 0.4421932296875 0.1760162027777778 0.4433677078125 0.17977453611111113 0.44559921874999997 0.18228009166666667 0.45182421875 0.18269768611111112 0.45887109375 0.1818625 0.462746875 0.177686575 0.4614549484375 0.16662036944444444 0.45957578125 0.157224075 0.45911458281249995 0.14398148055555557 0.4575520828125 0.1398148138888889 0.4536458328125 0.138425925 0.44630390625 0.13885 0.44501197968749995 0.14156435277777776 0.44442473906249996 0.14469629722222224 0.4445421875 0.15952129722222222 0.4421932296875 0.1760162027777778
2 0.23515625 0.1879629638888889 0.23411458281250003 0.20416666666666666 0.2344270828125 0.21046759166666668 0.2383028640625 0.21526990833333334 0.24394036406250003 0.21610509166666667 0.2506348953125 0.21339074166666666 0.25442708281250004 0.20879629722222223 0.25546875 0.20324074166666667 0.2510416671875 0.1870370361111111 0.24921875 0.16990740833333332 0.2455729171875 0.16712963055555555 0.23958333281250002 0.16712963055555555 0.23411458281250003 0.17083333333333334 0.23407473906249998 0.17893935277777778 0.23515625 0.1879629638888889
2 0.25744687499999996 0.08644213055555555 0.2568596359375 0.09437638888888888 0.2562723953125 0.10418981388888889 0.2593260421875 0.10794814722222222 0.2640239578125 0.10899213055555555 0.27036640625 0.10753055555555555 0.27424218749999996 0.10377222222222221 0.2713059890625 0.08560694444444444 0.2701315109375 0.07454074166666666 0.2687221359375 0.07078240833333334 0.26449375 0.06911203611111111 0.25920859375 0.07036481388888889 0.25703125 0.07314814722222222 0.2567421875 0.07871666666666667 0.25744687499999996 0.08644213055555555
2 0.07539375000000001 0.13051435277777776 0.0809716140625 0.12811527777777776 0.084390625 0.12555601944444444 0.0857401046875 0.12139768611111111 0.0802520828125 0.10380370277777777 0.0783627609375 0.09100833333333333 0.0775528640625 0.08892916666666666 0.0758434890625 0.08780925833333333 0.071525 0.08716944444444444 0.06819609374999999 0.08748935277777778 0.0654072921875 0.08876898055555556 0.06378776093750001 0.09116805555555556 0.06369765625 0.09404722222222223 0.06549713593749999 0.10812222222222222 0.0656770828125 0.12539629722222223 0.0685559890625 0.129075 0.071525 0.13083425833333334 0.07539375000000001 0.13051435277777776
2 0.1163294265625 0.03246851944444445 0.1156096359375 0.042545369444444446 0.11596953125000001 0.045584258333333336 0.1185786453125 0.04846296388888889 0.1216375 0.04958286944444445 0.12667578125 0.04910277777777778 0.130634375 0.04734351944444444 0.13180390625 0.04430463055555556 0.1316239578125 0.03998611111111111 0.12775546875 0.02815 0.1258661453125 0.016154166666666667 0.12370677031249999 0.01471481388888889 0.12046796875000002 0.015034722222222222 0.11641927031249999 0.016154166666666667 0.1147098953125 0.018233797222222223 0.11462005156249999 0.02127268611111111 0.1161494796875 0.03214861111111111 0.1163294265625 0.03246851944444445
1 1 0.4405046305555556 0.6294895828125 0.4405046305555556 0.6294895828125 0.8752268527777777 1 0.8752268527777777 1 0.4405046305555556
1 0.5758125 0.524363425 0.8631770828124999 0.524363425 0.8631770828124999 0.25543286944444443 0.5758125 0.25543286944444443 0.5758125 0.524363425
1 0.3432096359375 0.6361782416666667 0.61864453125 0.6361782416666667 0.61864453125 0.2910995361111111 0.3432096359375 0.2910995361111111 0.3432096359375 0.6361782416666667
1 0.35513802031249997 0.3161620361111111 0.5633411453125 0.3161620361111111 0.5633411453125 0.1551898138888889 0.35513802031249997 0.1551898138888889 0.35513802031249997 0.3161620361111111
1 0.1577799484375 0.4645995361111111 0.35242838593750003 0.4645995361111111 0.35242838593750003 0.18410416666666668 0.1577799484375 0.18410416666666668 0.1577799484375 0.4645995361111111
1 0.1897682296875 0.22073379722222222 0.3562213546875 0.22073379722222222 0.3562213546875 0.09060879722222222 0.1897682296875 0.09060879722222222 0.1897682296875 0.22073379722222222
1 0 0.3437754638888889 0.1629791671875 0.3437754638888889 0.1629791671875 0.11373379722222222 0 0.11373379722222222 0 0.3437754638888889
1 0.0590546875 0.19093055555555555 0.1945338546875 0.19093055555555555 0.1945338546875 0.03654166666666667 0.0590546875 0.03654166666666667 0.0590546875 0.19093055555555555