1 0.7965052083333333 0.7248703703703704 0.24777083333333336 0.2433888888888889
1 0.6886145833333334 0.535712962962963 0.17038541666666665 0.17196296296296296
1 0.5275260416666667 0.5952314814814815 0.14434375 0.17195370370370372
1 0.4973958333333333 0.46825 0.11681770833333333 0.1322777777777778
1 0.3984375 0.519175925925926 0.109375 0.14152777777777778
1 0.3945208333333333 0.4193425925925926 0.09425 0.10364814814814814
1 0.30546875 0.4751851851851852 0.08415625 0.12424074074074075
1 0.31516145833333337 0.3831851851851852 0.07627083333333333 0.09898148148148149
1 0.2520572916666667 0.36108333333333337 0.06691145833333333 0.09180555555555556
1 0.2348229166666667 0.4334537037037037 0.077796875 0.11386111111111111
1 0.17735416666666665 0.40249074074074076 0.07111458333333333 0.1008425925925926
1 0.200828125 0.3433703703703703 0.05861458333333334 0.08562037037037037
2 0.164659375 0.36627777777777776 0.16532135416666666 0.3712787037037037 0.16689374999999998 0.37363240740740744 0.16995520833333336 0.37377962962962963 0.17326458333333333 0.3705435185185185 0.17450572916666665 0.3678962962962963 0.17318229166666665 0.36510092592592597 0.17086510416666664 0.36127592592592594 0.1683 0.3553925925925926 0.1666453125 0.3550981481481481 0.164825 0.35583333333333333 0.16325312500000003 0.35686296296296294 0.16225989583333333 0.35877592592592594 0.16209427083333333 0.36112962962962963
2 0.1946953125 0.31552870370370373 0.196846875 0.31346944444444447 0.19866718749999998 0.3117037037037037 0.19916354166666667 0.3094972222222222 0.19841875 0.307437962962963 0.1948609375 0.30376018518518516 0.19229583333333336 0.29949444444444445 0.19055833333333333 0.29949444444444445 0.18906875 0.30081851851851854 0.18840677083333332 0.303612962962963 0.18832395833333332 0.30537870370370374 0.19064114583333333 0.31008611111111106 0.19188229166666665 0.3139101851851852 0.19328854166666665 0.3158222222222222
2 0.24310052083333333 0.335975 0.24566510416666668 0.3343574074074074 0.24773385416666666 0.3322981481481482 0.248809375 0.33067962962962966 0.24847864583333334 0.3286203703703704 0.2471546875 0.3255314814814815 0.24632708333333334 0.3236185185185185 0.24450677083333333 0.318912037037037 0.24392760416666667 0.31729351851851856 0.24276927083333336 0.31744074074074075 0.24086614583333335 0.3178824074074074 0.239459375 0.31905925925925926 0.23821822916666668 0.32067685185185185 0.23830104166666669 0.3227361111111111 0.24012135416666666 0.32759074074074074 0.24028697916666666 0.33038518518518517 0.24103177083333333 0.3333277777777778 0.24235572916666664 0.33538703703703704
2 0.22382083333333333 0.4023175925925926 0.2267171875 0.401287037037037 0.22919947916666666 0.39878703703703705 0.2301921875 0.3959916666666667 0.23027499999999998 0.3927555555555555 0.226634375 0.3884898148148148 0.22522760416666668 0.3851064814814815 0.22431770833333334 0.3830472222222222 0.22241458333333333 0.38260555555555553 0.22034583333333335 0.38319444444444445 0.21910468749999998 0.38481203703703704 0.21869114583333332 0.3877546296296296 0.2192703125 0.39113796296296294 0.22067708333333333 0.39452129629629634 0.22117343750000001 0.39893425925925924 0.2225796875 0.40114074074074074
2 0.30714375 0.3559805555555556 0.30979166666666663 0.3552453703703704 0.31144635416666666 0.35303888888888885 0.31260468750000003 0.35156759259259257 0.3119427083333333 0.3492138888888889 0.31020520833333337 0.3443601851851852 0.3094604166666667 0.3399472222222222 0.30797135416666666 0.3372990740740741 0.30648177083333333 0.3370046296296296 0.3044130208333333 0.33715185185185187 0.30317187500000004 0.3398 0.30275833333333335 0.341712037037037 0.30292395833333335 0.34406574074074076 0.3035859375 0.34671388888888893 0.3034203125 0.35230370370370373 0.3044958333333333 0.3545101851851852