1 0.27019140625000004 0.6616898138888889 0.42251692656250006 0.6616898138888889 0.42251692656250006 0.4860046305555556 0.27019140625000004 0.4860046305555556 0.27019140625000004 0.6616898138888889
1 0.3649739578125 0.555951388888889 0.4921822921875 0.555951388888889 0.4921822921875 0.4092986111111111 0.3649739578125 0.4092986111111111 0.3649739578125 0.555951388888889
1 0.4371484375 0.6482569444444445 0.5796640625 0.6482569444444445 0.5796640625 0.47994675833333333 0.4371484375 0.47994675833333333 0.4371484375 0.6482569444444445
1 0.5074934890625 0.545375 0.6320065109375 0.545375 0.6320065109375 0.4060416666666667 0.5074934890625 0.4060416666666667 0.5074934890625 0.545375
1 0.5944921875 0.6331666666666667 0.7346640625 0.6331666666666667 0.7346640625 0.4702314805555555 0.5944921875 0.4702314805555555 0.5944921875 0.6331666666666667
1 0.64014453125 0.5027175916666666 0.75941796875 0.5027175916666666 0.75941796875 0.3990694444444444 0.64014453125 0.3990694444444444 0.64014453125 0.5027175916666666
1 0.7418984375 0.6213333333333334 0.8762838546875 0.6213333333333334 0.8762838546875 0.4627962972222222 0.7418984375 0.4627962972222222 0.7418984375 0.6213333333333334
1 0.7656302078125 0.4912476861111111 0.8846770828125001 0.4912476861111111 0.8846770828125001 0.39101157499999994 0.7656302078125 0.39101157499999994 0.7656302078125 0.4912476861111111
1 1 0.38524305555555555 0.8844218749999999 0.38524305555555555 0.8844218749999999 0.4794791666666667 1 0.4794791666666667 1 0.38524305555555555
1 0.8785065109374999 0.6081342583333333 0.9999986984375001 0.6081342583333333 0.9999986984375001 0.4523379638888889 0.8785065109374999 0.4523379638888889 0.8785065109374999 0.6081342583333333
2 0.3384002609375 0.5209078694444444 0.3389872390625 0.5225310194444445 0.34016119843750003 0.5241541666666667 0.34374791718750003 0.5255453694444445 0.3468130203125 0.5250819444444444 0.3496171875 0.5224152777777777 0.3511825515625 0.5187050916666667 0.3511171875 0.5159226861111111 0.348378125 0.5074592583333334 0.34772604218750003 0.49934351944444444 0.34537838593750003 0.4965611111111111 0.3429653640625 0.4965611111111111 0.3406177078125 0.497488425 0.338465625 0.500850925 0.3391828125 0.5116328694444445 0.3384002609375 0.5209078694444444
2 0.42331015625 0.42943333333333333 0.42311458281250003 0.43314305555555555 0.4242231765625 0.4346504638888889 0.42631015625 0.4362736111111111 0.42917942656249997 0.43673703611111114 0.43211432343749995 0.43488240833333336 0.43374453125 0.432563425 0.43380989531249997 0.43024490833333334 0.43224453125 0.42340463055555555 0.4318533859375 0.4169120361111111 0.43159244843750005 0.41401342500000005 0.43028828125 0.41215833333333335 0.4270927078125 0.4118106472222222 0.4252015625 0.4129699083333333 0.42421875 0.4148148138888889 0.42395833281249995 0.4171296305555555 0.4241580734375 0.4242157416666667 0.42331015625 0.42943333333333333
2 0.50306796875 0.5116328694444445 0.5041114578125 0.5141837972222222 0.5068505203125 0.5170819444444444 0.5104372390624999 0.5183574083333333 0.51350234375 0.5156907416666666 0.5153283859375 0.513024075 0.51526328125 0.5098939805555556 0.5139588546875 0.5035171305555556 0.51402421875 0.4930828694444444 0.5130208328125 0.4912037027777778 0.5107635421875 0.4894888888888889 0.5078125 0.48935185277777776 0.50606796875 0.4904162027777778 0.50508984375 0.492850925 0.50482890625 0.5028217583333333 0.5035244796875 0.5082708333333333 0.50306796875 0.5116328694444445
2 0.56671796875 0.42989675833333335 0.56875 0.4314814805555556 0.5710221359375 0.43244768611111106 0.5748697921875 0.43163611111111116 0.5765 0.42943333333333333 0.5767609375 0.42723055555555556 0.5757174484375 0.4205060194444445 0.5762393234375 0.41134675833333334 0.5756523437500001 0.4098398138888889 0.5747393234375 0.40891203611111115 0.5734375 0.4078703694444445 0.5707611984375001 0.40798472222222226 0.56919609375 0.40914398055555556 0.5683481765625 0.41134675833333334 0.56795703125 0.41853518611111107 0.5667830734375 0.4227087972222222 0.5658049484375 0.4266504638888889 0.56671796875 0.42989675833333335
2 0.6743658859375 0.4817027777777778 0.67302578125 0.4789393527777778 0.6707744796874999 0.47731944444444446 0.6680408859375 0.47693796388888887 0.6658968749999999 0.4777004638888889 0.6648247390625001 0.4793203694444444 0.66380625 0.48837314722222225 0.6612869796874999 0.49380463055555557 0.6609653640625 0.49647314722222224 0.66176953125 0.49933194444444445 0.6633776046875 0.502 0.6650927078125 0.5038106472222222 0.66793359375 0.5045726861111111 0.6707208328125 0.5043824083333333 0.67302578125 0.5029527777777777 0.6735619796875 0.49990370277777774 0.6728114578125 0.49199444444444446 0.6741515625 0.4852287027777778 0.6743658859375 0.4817027777777778
2 0.6999875 0.42166851944444445 0.7011669265625 0.4227166666666667 0.7034716140625 0.42366944444444443 0.70566953125 0.424336575 0.70797421875 0.42357453611111107 0.7095822921875 0.42214490833333335 0.7094752609375 0.4133782416666667 0.71086875 0.40365833333333334 0.7094216140625 0.401275925 0.7075989578125 0.40022777777777774 0.70497265625 0.39965601944444445 0.7034716140625 0.40041851944444445 0.7025067703125 0.4029912027777778 0.7010059890625 0.41013796388888885 0.69918359375 0.41480740833333335 0.6987010421875001 0.4181425916666666 0.6999875 0.42166851944444445
2 0.8195197921874999 0.49656805555555555 0.8216104171874999 0.49647314722222224 0.8234328124999999 0.49590138888888885 0.8234328124999999 0.48560972222222226 0.8252018234375 0.47789120277777775 0.8253625 0.47560416666666666 0.8247192703125 0.4736981472222222 0.8232184890625 0.4709347222222222 0.8209671875 0.469886575 0.8196270828125 0.4696004638888889 0.81764375 0.46979120277777775 0.8163572921875 0.47045833333333337 0.8154997390625001 0.4724592583333333 0.8138380203125 0.4801777777777778 0.8105684890625 0.487325 0.8104075515625 0.490374075 0.8114260421875 0.49247083333333336 0.8145885421875001 0.495425 0.8171614578125 0.4968541666666667 0.8195197921874999 0.49656805555555555
2 0.8344747390625 0.4169037027777778 0.8365653640625 0.4162370361111111 0.8382804687500001 0.41537916666666663 0.8383341140624999 0.4065171305555556 0.83983515625 0.4001324083333333 0.8400494796875 0.3970828694444445 0.8391919265625001 0.39555833333333335 0.8371013015625 0.39355740833333336 0.8353325515625001 0.39279490833333336 0.8335635421875001 0.39250925833333333 0.8321700515625 0.3929856472222222 0.8312052078125 0.3947962972222222 0.8292755203125 0.4028958333333333 0.8276674484375001 0.4054689805555555 0.8270242187499999 0.4070888888888889 0.8267026046874999 0.4090898138888889 0.8269169265625 0.4116629638888889 0.8279890625 0.41385463055555555 0.8295434890625 0.41537916666666663 0.8306156250000001 0.4161416666666667 0.8325453125 0.41709444444444443 0.8344747390625 0.4169037027777778
2 0.9582416671875 0.48437083333333336 0.9608682296875 0.4839898138888889 0.9632265625 0.4825601861111111 0.9640307296874999 0.48094027777777776 0.9647276046875 0.47398379722222217 0.9675684890625 0.4664560194444445 0.9677828125 0.46407361111111106 0.9669252609375001 0.46169120277777775 0.9644059890625 0.4592138888888889 0.9623153640625001 0.45807036944444446 0.9604393234374999 0.45768888888888887 0.9582953125 0.45778425833333336 0.95733046875 0.4586421305555555 0.95416796875 0.4660745361111111 0.95100546875 0.46912407500000003 0.9498796875 0.4717921305555556 0.9499333328124999 0.4748416666666667 0.9508445312499999 0.4776050916666667 0.9528278640625001 0.4804638888888889 0.9544359375000001 0.4822745361111111 0.9558296875 0.483513425 0.9582416671875 0.48437083333333336
2 0.9547575515625001 0.40775601944444445 0.9569015625 0.4073745361111111 0.9584559890625 0.4063263888888889 0.9595817703125 0.39746435277777775 0.9616187500000001 0.3913657416666667 0.9617794265624999 0.3889833333333333 0.9604393234374999 0.3870773138888889 0.95856328125 0.38564814722222224 0.95593671875 0.3844092583333334 0.954596875 0.3845046305555556 0.9532567703125 0.38564814722222224 0.9504695312500001 0.3926041666666667 0.9461812500000001 0.3989888888888889 0.9459669265624999 0.401275925 0.9468781249999999 0.4029912027777778 0.9504158859375 0.40623101944444445 0.9525062500000001 0.4075652777777778 0.9547575515625001 0.40775601944444445