1 0.7254479166666666 0.8723518518518518 0.22916666666666666 0.2552962962962963
1 0.875 0.8214351851851852 0.25 0.2486759259259259
1 0.656625 0.671962962962963 0.15550520833333334 0.18253703703703703
1 0.5353437499999999 0.7149537037037037 0.140625 0.18650925925925926
1 0.5219479166666666 0.5760555555555555 0.10640104166666667 0.11772222222222223
1 0.43043229166666663 0.5211666666666667 0.07961458333333334 0.10846296296296297
1 0.4202916666666667 0.6187222222222223 0.098015625 0.14750000000000002
1 0.18645833333333334 0.5621388888888889 0.11657291666666666 0.12369444444444445
1 0.13740625 0.6493333333333333 0.14472395833333335 0.15967592592592592
1 0.06197395833333333 0.6763518518518519 0.12394270833333333 0.16846296296296295
2 0.031293229166666665 0.6413666666666668 0.035465624999999994 0.6416314814814815 0.039787499999999996 0.6379222222222223 0.04321458333333333 0.6328888888888888 0.04291666666666667 0.6299750000000001 0.03874427083333333 0.6254712962962963 0.0366578125 0.619112962962963 0.03412447916666667 0.6180537037037037 0.030399479166666667 0.6177888888888888 0.02741875 0.6201731481481482 0.025630729166666665 0.6241462962962963 0.02548177083333333 0.6273259259259258 0.027568229166666666 0.6323592592592593 0.029356249999999997 0.6395120370370371
2 0.13413958333333334 0.6180555555555556 0.1374375 0.6161712962962963 0.14014583333333333 0.6128212962962962 0.1419125 0.6094712962962964 0.1409703125 0.6069592592592592 0.13731979166666666 0.6027722222222223 0.13543541666666667 0.5979564814814815 0.13355104166666668 0.5960722222222222 0.1311953125 0.5952342592592592 0.1293109375 0.5962814814814815 0.12695572916666667 0.5985842592592593 0.1267203125 0.6021435185185186 0.12778020833333334 0.6077962962962963 0.12813333333333332 0.6140777777777777 0.13001770833333332 0.6180555555555556
2 0.18501614583333334 0.5326333333333334 0.1871359375 0.530749074074074 0.18843177083333332 0.5286555555555555 0.18949166666666667 0.5263518518518518 0.18666510416666665 0.5209083333333333 0.18478072916666666 0.5156740740740741 0.1838385416666667 0.514 0.18124791666666665 0.5133712962962963 0.1792453125 0.5144185185185185 0.17747916666666666 0.5169305555555556 0.17689010416666667 0.519862037037037 0.17830364583333333 0.5248870370370371 0.18054114583333333 0.5326333333333334
2 0.42479531249999997 0.49222499999999997 0.42809322916666664 0.49138796296296294 0.42985937500000004 0.4899222222222222 0.4308015625 0.48782870370370374 0.42903541666666667 0.4817564814814815 0.42844635416666665 0.47421944444444447 0.427621875 0.4723351851851852 0.4256197916666667 0.47128796296296294 0.423146875 0.47149814814814817 0.42196927083333335 0.4733824074074074 0.4220869791666667 0.48154722222222224 0.421615625 0.4859444444444445 0.421615625 0.488875 0.4226755208333334 0.49138796296296294
2 0.4145494791666666 0.5772287037037037 0.4176114583333333 0.5757629629629629 0.41973125 0.5736694444444445 0.42020260416666666 0.5709481481481482 0.4196135416666667 0.5675981481481481 0.4169046875 0.5617351851851852 0.41572708333333336 0.5565009259259259 0.41502083333333334 0.5533611111111111 0.4138427083333333 0.5521046296296297 0.4113697916666667 0.5527324074074075 0.40901458333333335 0.5537796296296297 0.4072479166666667 0.5573388888888889 0.40748333333333336 0.5606888888888889 0.40913229166666665 0.5665509259259259 0.4099567708333333 0.5722037037037038 0.41019218749999997 0.5770194444444445
2 0.515478125 0.5470796296296296 0.5183046875 0.5458231481481481 0.5204244791666667 0.5433111111111111 0.5210135416666667 0.5410083333333333 0.519246875 0.5340990740740741 0.5185401041666666 0.5284462962962962 0.5183046875 0.5250962962962963 0.5174802083333333 0.523212037037037 0.5159494791666667 0.5227925925925926 0.5137114583333333 0.5225833333333333 0.5124161458333334 0.5230027777777777 0.5107671875 0.5250962962962963 0.5102963541666666 0.5276083333333333 0.511003125 0.5351453703703704 0.5101786458333334 0.5416361111111111 0.5107671875 0.5443583333333334 0.5122984375 0.5464518518518519
2 0.5261953125 0.6668388888888889 0.5285505208333333 0.6670481481481482 0.531259375 0.6657916666666667 0.5339682291666666 0.6624416666666667 0.5342036458333334 0.6601388888888889 0.5325546875 0.6536481481481482 0.53314375 0.6423425925925926 0.5326723958333334 0.6392018518518519 0.5307885416666667 0.6364805555555556 0.5284328125 0.6352240740740741 0.5258421875 0.6352240740740741 0.5238401041666667 0.6368990740740741 0.5226619791666667 0.6404583333333334 0.5226619791666667 0.6482046296296297 0.5206598958333334 0.6580453703703704 0.52113125 0.6618138888888889 0.5234864583333334 0.6655824074074074
2 0.6480869791666667 0.622662037037037 0.6502067708333333 0.6232898148148148 0.6530333333333334 0.6237083333333333 0.65550625 0.6230805555555555 0.6572729166666667 0.6211962962962964 0.6579796874999999 0.6174277777777778 0.657390625 0.6101 0.6582151041666666 0.6004685185185185 0.6579796874999999 0.5979564814814815 0.6556244791666667 0.5946064814814814 0.6527979166666668 0.5935592592592592 0.6498536458333334 0.594187962962963 0.6478515625 0.5956537037037037 0.646909375 0.6048657407407407 0.6439651041666666 0.6134499999999999 0.6439651041666666 0.6165898148148149 0.6456140625 0.6199398148148147