1 0.6060651046875 0.7568101861111111 0.7363203125 0.7568101861111111 0.7363203125 0.6027453694444445 0.6060651046875 0.6027453694444445 0.6060651046875 0.7568101861111111
1 0.6747890625 0.8920925916666665 0.8047213546875 0.8920925916666665 0.8047213546875 0.7298333333333333 0.6747890625 0.7298333333333333 0.6747890625 0.8920925916666665
1 0.5337500000000001 0.8978981472222223 0.6638854171874999 0.8978981472222223 0.6638854171874999 0.7354722222222222 0.5337500000000001 0.7354722222222222 0.5337500000000001 0.8978981472222223
1 0.46346875 0.7562222222222222 0.5936770828125 0.7562222222222222 0.5936770828125 0.5993333333333333 0.46346875 0.5993333333333333 0.46346875 0.7562222222222222
1 0.38860937500000003 0.902310186111111 0.520140625 0.902310186111111 0.520140625 0.7392268527777778 0.38860937500000003 0.7392268527777778 0.38860937500000003 0.902310186111111
1 0.31339843749999996 0.763675925 0.44701822968749994 0.763675925 0.44701822968749994 0.6058611111111112 0.31339843749999996 0.6058611111111112 0.31339843749999996 0.763675925
1 0.23877864531249998 0.9089398138888888 0.3744401046875 0.9089398138888888 0.3744401046875 0.7415231472222222 0.23877864531249998 0.7415231472222222 0.23877864531249998 0.9089398138888888
1 0.16485677031249998 0.7757083333333333 0.3027473953125 0.7757083333333333 0.3027473953125 0.6156064805555556 0.16485677031249998 0.6156064805555556 0.16485677031249998 0.7757083333333333
1 0.08185416718750001 0.9244305555555556 0.22725 0.9244305555555556 0.22725 0.7484768527777778 0.08185416718750001 0.7484768527777778 0.08185416718750001 0.9244305555555556
1 0.0041276046875 0.7820648138888889 0.15487239531250002 0.7820648138888889 0.15487239531250002 0.6165833333333334 0.0041276046875 0.6165833333333334 0.0041276046875 0.7820648138888889
2 0.0576182296875 0.7192555555555556 0.06550937500000001 0.7192555555555556 0.0701442703125 0.7127972222222223 0.0708958328125 0.7061175916666667 0.0687661453125 0.7007731472222223 0.06575989531250001 0.6969870361111111 0.0630046875 0.6960962972222222 0.060624479687499996 0.6972101861111111 0.0576182296875 0.7030000000000001 0.05060416718750001 0.7067851861111111 0.0478484375 0.7094574083333333 0.0469713546875 0.7136879638888889 0.0473473953125 0.7183648138888888 0.0489755203125 0.7210370361111111 0.05173124999999999 0.7214824083333334 0.054486979687500006 0.7212592583333333 0.0576182296875 0.7192555555555556
2 0.1280130203125 0.8675601861111111 0.1290151046875 0.8697870361111111 0.13076875 0.8713453694444444 0.13227187499999998 0.8717907416666667 0.13402552031249998 0.8715685194444444 0.1381588546875 0.8675601861111111 0.1416661453125 0.8617703694444444 0.1449229171875 0.8606574083333333 0.1478036453125 0.8579851861111111 0.1486802078125 0.8530861111111111 0.14705208281249998 0.8475185194444445 0.1452984375 0.8448462972222223 0.1434197921875 0.8439555555555556 0.1410395828125 0.8441787027777778 0.138409375 0.8448462972222223 0.13440104218749999 0.8533083333333332 0.1306432296875 0.8570944444444444 0.1285140625 0.8608796305555556 0.1278875 0.8646648138888889 0.1280130203125 0.8675601861111111