1 0.7404505208333333 0.5401203703703704 0.33159635416666666 0.36419907407407404
1 0.8871536458333333 0.32793055555555556 0.22569270833333333 0.3533935185185185
1 0.6167526041666667 0.3132685185185185 0.26475781249999997 0.3055555555555556
1 0.4288203125 0.5092592592592593 0.25347135416666666 0.3117314814814815
1 0.3663203125 0.2885787037037037 0.2152786458333333 0.2777777777777778
1 0.16970572916666665 0.2700648148148148 0.1796875 0.21604629629629632
1 0.1957473958333333 0.4683657407407407 0.21267447916666665 0.2916666666666667
1 0.055554687500000005 0.4452175925925926 0.11111197916666667 0.26080555555555557
1 0.045138020833333334 0.25308796296296293 0.09027864583333334 0.17592592592592593
2 0.17178255208333332 0.4172416666666666 0.17538307291666666 0.4163736111111111 0.1784953125 0.41322731481481484 0.18148541666666668 0.40802037037037037 0.18295 0.40400601851851853 0.18356015625 0.4003175925925926 0.18417057291666666 0.39413379629629625 0.1839875 0.39044537037037036 0.18215677083333331 0.38708194444444444 0.1786171875 0.3848037037037037 0.17507786458333333 0.3824171296296296 0.16824322916666665 0.3711347222222222 0.16708385416666666 0.370375 0.16513098958333333 0.3705921296296297 0.16281197916666665 0.3720023148148148 0.16000494791666667 0.3759078703703704 0.15811328125 0.37927083333333333 0.15725885416666668 0.3829597222222222 0.15707578125000002 0.3869736111111111 0.15811328125 0.39011990740740743 0.16464270833333333 0.4020532407407407 0.16507005208333334 0.4081287037037037 0.16659557291666666 0.41192546296296295 0.1686703125 0.41452916666666667
2 0.14828828125000001 0.23313888888888887 0.15140052083333336 0.23237962962962963 0.15426875 0.2297759259259259 0.15683177083333336 0.22662962962962963 0.1586625 0.22272407407407407 0.16024895833333333 0.21881851851851852 0.1597609375 0.2155638888888889 0.15890651041666667 0.2126347222222222 0.15573333333333333 0.20829537037037038 0.15304817708333335 0.20363055555555554 0.14816640625 0.1924560185185185 0.14700677083333333 0.1909375 0.14468802083333332 0.19126296296296297 0.14230807291666667 0.1920222222222222 0.14090442708333334 0.19343240740740741 0.13907369791666666 0.19527685185185184 0.13791432291666667 0.1975550925925926 0.13699895833333334 0.19994166666666668 0.13693802083333334 0.2031962962962963 0.13748723958333334 0.2053662037037037 0.14157578124999998 0.2162148148148148 0.14273515625 0.22576157407407407 0.14352838541666665 0.2283652777777778 0.14480989583333334 0.2305351851851852 0.146640625 0.2321625
2 0.346128125 0.2285824074074074 0.34911848958333336 0.2281486111111111 0.3524747395833333 0.22543611111111111 0.35509869791666665 0.22153055555555554 0.3566854166666667 0.21805925925925926 0.3577838541666667 0.21393657407407407 0.35833307291666666 0.20916342592592593 0.35760078125 0.2053662037037037 0.3558921875 0.20232870370370368 0.3511932291666667 0.19690416666666666 0.3456401041666667 0.18377731481481482 0.3438703125 0.18247546296296296 0.341734375 0.18247546296296296 0.33990390625 0.1830175925925926 0.33776796875 0.1847537037037037 0.33563203125 0.18789953703703705 0.33435052083333333 0.19126296296296297 0.33374036458333334 0.19484305555555556 0.3336794270833333 0.19733796296296297 0.33428958333333336 0.20037592592592593 0.33880546875 0.21133287037037035 0.339415625 0.21643194444444444 0.3404528645833333 0.22326666666666664 0.3421005208333333 0.22608703703703703 0.34417552083333336 0.22782314814814816