1 0.3950885416666667 0.41732407407407407 0.19047395833333333 0.22089814814814815
1 0.501859375 0.6011944444444444 0.18378125 0.22619444444444445
1 0.5892864583333334 0.4027777777777778 0.17708333333333334 0.21561111111111111
1 0.7016354166666667 0.5780462962962962 0.18452604166666667 0.2248703703703704
1 0.8828125 0.5608425925925926 0.18378125 0.2222222222222222
1 0.775296875 0.38558333333333333 0.17857291666666666 0.20767592592592593
1 0.9281979166666667 0.37962962962962965 0.14359895833333333 0.20635185185185187
2 0.3940953125 0.41480648148148147 0.3975916666666667 0.41399166666666665 0.40059374999999997 0.410362962962963 0.40215520833333335 0.40502685185185183 0.40251562500000004 0.3988361111111111 0.4011942708333333 0.39264629629629627 0.39855260416666666 0.38752314814814814 0.39506979166666667 0.385175 0.39302864583333336 0.38581481481481483 0.390746875 0.3841074074074074 0.3872640625 0.3860287037037037 0.3851026041666667 0.3890166666666666 0.3839020833333333 0.3935 0.3841421875 0.3988361111111111 0.38546302083333334 0.40374629629629627 0.38690416666666666 0.4063074074074074 0.3875046875 0.410362962962963 0.3896661458333333 0.41271111111111114
2 0.5019 0.6088074074074074 0.5051583333333334 0.6071083333333334 0.5075598958333333 0.6039064814814815 0.50948125 0.5992101851851852 0.5098416666666666 0.5938740740740741 0.5098416666666666 0.588324074074074 0.5082802083333333 0.5840546296296296 0.5061187500000001 0.5810657407407408 0.502996875 0.5785046296296296 0.5005947916666666 0.5770101851851852 0.49795312500000005 0.5772240740740742 0.4961515625 0.5789314814814814 0.49435052083333336 0.582774074074074 0.4930291666666667 0.5866157407407407 0.4927890625 0.5900314814814815 0.4924291666666667 0.5938740740740741 0.4925489583333333 0.5987833333333333 0.49423020833333337 0.6017712962962963 0.49759270833333336 0.6054009259259259
2 0.5895432291666667 0.400087962962963 0.5923052083333334 0.4026490740740741 0.5965078125000001 0.4028629629629629 0.5996302083333334 0.40094166666666664 0.6011916666666667 0.39645833333333336 0.6015515625 0.39005462962962967 0.6055145833333333 0.3830111111111111 0.6059947916666667 0.3781009259259259 0.6045536458333333 0.3725509259259259 0.6027526041666668 0.3691361111111111 0.6001104166666666 0.36764166666666664 0.5971083333333334 0.3682824074074074 0.5930255208333333 0.37575277777777777 0.5908640625 0.3766074074074074 0.5885822916666666 0.37895462962962967 0.5870213541666666 0.38279722222222223 0.5866609374999999 0.38706666666666667 0.5869010416666666 0.39453796296296295
2 0.7128557291666666 0.5847194444444445 0.7158098958333333 0.5830777777777778 0.7176598958333333 0.5799824074074074 0.7204895833333332 0.5790148148148149 0.7233192708333332 0.5749527777777778 0.7241895833333333 0.5718574074074074 0.7244072916666667 0.5670212962962964 0.7236458333333334 0.5637324074074074 0.7219041666666667 0.5600574074074074 0.7195098958333334 0.5575425925925925 0.7166807291666667 0.5569620370370371 0.7138510416666667 0.5556083333333334 0.711565625 0.5550277777777778 0.7092802083333333 0.5550277777777778 0.7067770833333333 0.5561879629629629 0.7044916666666666 0.5588962962962962 0.7030770833333333 0.5629592592592593 0.7025328125 0.5679888888888889 0.7024239583333334 0.5734055555555556 0.7040567708333333 0.5790148148148149 0.7071036458333333 0.5815296296296296 0.71036875 0.5832712962962963
2 0.78493125 0.3799601851851852 0.7884270833333333 0.3805935185185185 0.7912567708333333 0.3790453703703704 0.7945213541666667 0.3711138888888889 0.8005067708333333 0.3643435185185185 0.801921875 0.36086111111111113 0.801921875 0.3552518518518519 0.8007244791666667 0.3513824074074074 0.7981130208333334 0.3484805555555555 0.79571875 0.3473203703703704 0.7931067708333334 0.3477074074074074 0.78755625 0.35331666666666667 0.7853796875000001 0.356025 0.7827682291666667 0.35660555555555556 0.7800473958333334 0.3581537037037037 0.7779796875 0.36163518518518517 0.7772177083333334 0.36608425925925925 0.7772177083333334 0.37034074074074075 0.7780885416666667 0.3742092592592593 0.7802651041666666 0.37730462962962963 0.7825505208333333 0.3796259259259259