1 0.7821197916666667 0.6165092592592593 0.21875 0.22685185185185186
1 0.9027760416666666 0.8541666666666666 0.19444270833333333 0.2916666666666667
1 0.591578125 0.7067916666666667 0.2265625 0.2777777777777778
1 0.5141848958333334 0.5136620370370371 0.17072916666666668 0.2094212962962963
1 0.37281770833333333 0.6161388888888888 0.18205989583333335 0.22260185185185186
1 0.3406901041666667 0.4621111111111111 0.1560859375 0.17238425925925926
1 0.19570052083333334 0.5469861111111111 0.160453125 0.2015
1 0.19635677083333333 0.3938935185185185 0.13656770833333332 0.15424537037037037
1 0.07223697916666666 0.35031018518518514 0.1235 0.14256944444444444
1 0.06373177083333333 0.4751435185185185 0.12746614583333335 0.19211574074074075
2 0.058942968750000005 0.3096199074074074 0.06275390625 0.3082648148148148 0.06567578125 0.30555462962962965 0.06796223958333333 0.30013472222222226 0.06796223958333333 0.29832824074074077 0.06326197916666666 0.29132731481481483 0.06059427083333333 0.2827453703703704 0.05856197916666666 0.2811648148148148 0.055385937499999996 0.2811648148148148 0.05297239583333333 0.2818421296296296 0.05043177083333333 0.2852296296296296 0.05017760416666666 0.28816574074074075 0.05335364583333333 0.2981023148148148 0.053607552083333336 0.3035222222222222 0.05487786458333333 0.30668379629629633
2 0.033663541666666665 0.4227634259259259 0.0376015625 0.42231157407407405 0.041666666666666664 0.4184722222222222 0.045096354166666665 0.4139555555555556 0.045477604166666664 0.4098907407407408 0.044334375 0.40695462962962964 0.039379947916666665 0.3999537037037037 0.034679687499999994 0.39001712962962964 0.0321390625 0.38866203703703706 0.028836197916666664 0.3895652777777778 0.02616875 0.39092037037037036 0.023493229166666667 0.3943078703703704 0.023112239583333336 0.3995023148148148 0.027304427083333336 0.4083097222222222 0.02832057291666667 0.41553657407407407 0.02933671875 0.41915 0.031115364583333336 0.42095648148148146
2 0.1861020833333333 0.35275416666666665 0.19042135416666667 0.3511736111111111 0.19283489583333333 0.3482375 0.19385104166666667 0.3443986111111111 0.19359713541666668 0.3394300925925926 0.19092942708333333 0.33401018518518516 0.18826171875 0.3240731481481482 0.18686432291666666 0.32226666666666665 0.18495885416666666 0.32181481481481483 0.18279947916666667 0.32249259259259255 0.18089401041666667 0.3236217592592593 0.1792424479166667 0.3254282407407407 0.17822630208333334 0.3265574074074074 0.17848020833333333 0.32949351851851855 0.18063984375 0.3387527777777778 0.18114791666666666 0.34507592592592595 0.18178307291666668 0.3509476851851852
2 0.5115609375 0.46336666666666665 0.51581640625 0.4628263888888889 0.5182479166666666 0.46012453703703704 0.5191598958333333 0.45607175925925925 0.516728125 0.44580462962962963 0.51703203125 0.43445694444444444 0.5161203125 0.430674537037037 0.5133846354166667 0.4287828703703704 0.5103450520833334 0.42851296296296293 0.5065455729166667 0.4314847222222222 0.5056338541666666 0.43445694444444444 0.5059377604166666 0.44553472222222223 0.5038098958333334 0.45661203703703707 0.5054817708333333 0.46093518518518517 0.5083692708333333 0.46417731481481483
2 0.5905898437499999 0.6557384259259259 0.5956052083333333 0.6551976851851852 0.5984927083333333 0.6519555555555555 0.6001645833333333 0.6457412037037037 0.6000125 0.638176388888889 0.5989486979166667 0.6335828703703703 0.6001645833333333 0.6208842592592592 0.59910078125 0.6162912037037037 0.5969729166666667 0.6122384259259259 0.5939333333333334 0.6098069444444444 0.5901341145833333 0.6103472222222222 0.58800625 0.6122384259259259 0.5861825520833333 0.6152106481481482 0.5849666666666666 0.6273689814814815 0.5820791666666667 0.6343935185185186 0.5813192708333333 0.6389865740740741 0.5816231770833333 0.6422291666666666 0.5829908854166667 0.6481731481481482 0.58511875 0.6522259259259259