1 0.6753463546875 0.5246898138888889 0.9045130203125 0.5246898138888889 0.9045130203125 0.2731435194444444 0.6753463546875 0.2731435194444444 0.6753463546875 0.5246898138888889
1 0.8116315109375 0.7978425916666667 0.9999986984375001 0.7978425916666667 0.9999986984375001 0.506175925 0.8116315109375 0.506175925 0.8116315109375 0.7978425916666667
1 0.49131901093749997 0.7623425916666666 0.7170143234374999 0.7623425916666666 0.7170143234374999 0.49074074166666665 0.49131901093749997 0.49074074166666665 0.49131901093749997 0.7623425916666666
1 0.38107552031249997 0.5231481472222222 0.5911432296875 0.5231481472222222 0.5911432296875 0.2731481472222222 0.38107552031249997 0.2731481472222222 0.38107552031249997 0.5231481472222222
1 0.259546875 0.7438263888888889 0.4678802078125 0.7438263888888889 0.4678802078125 0.4876550916666667 0.259546875 0.4876550916666667 0.259546875 0.7438263888888889
1 0.16840104218750002 0.5231458333333333 0.3663177078125 0.5231458333333333 0.3663177078125 0.2885763888888889 0.16840104218750002 0.2885763888888889 0.16840104218750002 0.5231458333333333
1 0.0494791671875 0.7438287027777777 0.24739583281250002 0.7438287027777777 0.24739583281250002 0.4922824083333333 0.0494791671875 0.4922824083333333 0.0494791671875 0.7438287027777777
1 0 0.5138888888888888 0.1614583328125 0.5138888888888888 0.1614583328125 0.28240740833333333 0 0.28240740833333333 0 0.5138888888888888
2 0.0463223953125 0.38881713055555556 0.0484375 0.3828004638888889 0.0488606765625 0.37716018611111113 0.0482260421875 0.3726476861111111 0.046957031249999996 0.369263425 0.0439958328125 0.36663101944444443 0.0414575515625 0.36512685277777773 0.0387078125 0.36475092500000006 0.03616953125 0.36587916666666664 0.028977864062499997 0.36099074166666667 0.02538203125 0.36023842500000003 0.0217864578125 0.3628708333333333 0.0194596359375 0.36625509166666664 0.01903671875 0.37114351944444446 0.018825 0.37603194444444443 0.0194596359375 0.38016851944444446 0.0217864578125 0.3831763888888889 0.030458593750000002 0.3873129638888889 0.041034375 0.39445740833333337 0.04441875 0.3929532416666667 0.0463223953125 0.38881713055555556
2 0.48764296875 0.39377314722222223 0.49052057343750005 0.3874166666666667 0.49086953125 0.38245601944444446 0.4909567703125 0.37765000000000004 0.48912552031249995 0.37392916666666665 0.48886380156250003 0.3677282416666667 0.4879916671875 0.3636972222222222 0.4861604171875 0.36075185277777777 0.4840677078125 0.3590467583333333 0.48206197968750003 0.3585814805555556 0.4797072921875 0.359511575 0.4776145828125 0.3621472222222222 0.47613203125 0.36540277777777774 0.475434375 0.3705185194444444 0.47499843750000004 0.3742393527777778 0.4736903640625 0.37609953611111113 0.4731671875 0.3798203694444444 0.4731671875 0.3843162027777778 0.47386484375000004 0.3880370361111111 0.4753471359375 0.39129259166666663 0.4773528640625 0.3942379638888889 0.47953307343749996 0.3967185194444445 0.48162578125 0.3967185194444445 0.48485234374999997 0.3967185194444445 0.48764296875 0.39377314722222223
2 0.6113848953125001 0.6337574083333334 0.6124315109375 0.6287967583333334 0.6128674484375 0.624300925 0.6137393234374999 0.6215101861111111 0.61365234375 0.6179444444444445 0.6131289062499999 0.6140689805555556 0.6118210937499999 0.6100379638888889 0.6107744796875 0.6074027777777777 0.6093791671875 0.6035268527777777 0.6077223953125 0.600736575 0.60580390625 0.5998060194444444 0.6019669265625 0.6002712972222223 0.5988276046875 0.6021314805555555 0.5967346359375 0.6072476861111111 0.5948161453125 0.6125185194444445 0.59429296875 0.6174796305555555 0.5942057296875001 0.6225953694444445 0.5949033859374999 0.6270912027777779 0.5962114578125 0.6314319444444444 0.59795546875 0.635772686111111 0.6010947921875001 0.6379435194444445 0.6039726562500001 0.638563425 0.6087687500000001 0.637012963888889 0.6113848953125001 0.6337574083333334