1 1 0.5983472222222223 0.78476953125 0.5983472222222223 0.78476953125 0.8505601861111111 1 0.8505601861111111 1 0.5983472222222223
1 0.6432278640625 0.6805555555555556 0.8272565109375 0.6805555555555556 0.8272565109375 0.48148148055555556 0.6432278640625 0.48148148055555556 0.6432278640625 0.6805555555555556
1 0.48962890625 0.8157337972222223 0.7030794265625 0.8157337972222223 0.7030794265625 0.5685254638888888 0.48962890625 0.5685254638888888 0.48962890625 0.8157337972222223
1 0.40542708281250006 0.6562430555555555 0.576625 0.6562430555555555 0.576625 0.46104398055555557 0.40542708281250006 0.46104398055555557 0.40542708281250006 0.6562430555555555
1 0.2644986984375 0.7931689805555556 0.46666276093750003 0.7931689805555556 0.46666276093750003 0.5643958333333333 0.2644986984375 0.5643958333333333 0.2644986984375 0.7931689805555556
1 0.2216822921875 0.6217453694444444 0.3926197921875 0.6217453694444444 0.3926197921875 0.4687175916666667 0.2216822921875 0.4687175916666667 0.2216822921875 0.6217453694444444
1 0.05234375 0.7802430555555555 0.2539895828125 0.7802430555555555 0.2539895828125 0.5556828694444444 0.05234375 0.5556828694444444 0.05234375 0.7802430555555555
1 0.051591145312499996 0.6058611111111112 0.2187526046875 0.6058611111111112 0.2187526046875 0.4430277777777778 0.051591145312499996 0.4430277777777778 0.051591145312499996 0.6058611111111112
2 0.5907882812499999 0.6241675916666667 0.5943601562499999 0.6251972222222222 0.59880078125 0.6239962972222222 0.6021794265625 0.6222800916666666 0.6040135421875 0.6166166666666667 0.60188984375 0.6054615750000001 0.6021794265625 0.5907027777777778 0.6006348953125 0.5867555555555556 0.596875 0.5842592583333334 0.5916666671875 0.5847222222222223 0.5903645828124999 0.5879629638888889 0.5888020828125 0.602314813888889 0.5859617187499999 0.6140421305555556 0.5874096359375 0.6198773138888889 0.5907882812499999 0.6241675916666667
2 0.48481067656250004 0.49380046388888893 0.489828125 0.49714536944444443 0.4937481765625 0.49728472222222225 0.4965703125 0.4936611111111111 0.4953161453125 0.48167499999999996 0.4961783859375 0.4696888888888889 0.49500234374999996 0.4674587972222222 0.4923369796875 0.4655074083333333 0.48723958281249996 0.4652777777777778 0.48619791718750005 0.4671296305555555 0.48551640625000003 0.47791157500000003 0.48261562500000005 0.4882254638888889 0.48292916718749995 0.4912916666666667 0.48481067656250004 0.49380046388888893
2 0.1329434890625 0.4714291666666666 0.13430078125 0.4693314805555555 0.135421875 0.4663939805555556 0.1328846359375 0.4608342583333333 0.1308192703125 0.45758240833333336 0.1295802078125 0.45013425833333337 0.12875390625 0.44782638888888887 0.12727890625 0.44604305555555557 0.1261578125 0.4454138888888889 0.1229713546875 0.4453087972222223 0.1210830734375 0.44604305555555557 0.1191947921875 0.447511575 0.1177786453125 0.44919027777777776 0.1170114578125 0.4507638888888889 0.11683463593750001 0.4529666666666667 0.11754270781250001 0.45548425833333334 0.11925390625000001 0.46167361111111105 0.1191359375 0.4674430555555556 0.11948984375 0.47331759166666665 0.1207880203125 0.47478611111111113 0.12326640625 0.47573055555555555 0.12527265625 0.4762546305555555 0.1276919265625 0.47499583333333334 0.1311143234375 0.47352731388888886 0.1329434890625 0.4714291666666666