1 0.3463541666666667 0.5738472222222222 0.1523255208333333 0.1756851851851852
1 0.428578125 0.482625 0.12720833333333334 0.14665277777777777
1 0.50840625 0.5641018518518519 0.142515625 0.1683101851851852
1 0.5697500000000001 0.47570833333333334 0.12451302083333333 0.13933333333333334
1 0.664578125 0.5516990740740741 0.140171875 0.16293518518518518
1 0.6997812499999999 0.4508935185185185 0.1192734375 0.10364814814814814
1 0.8090911458333333 0.5420648148148147 0.13438541666666665 0.15853703703703703
1 0.8251536458333334 0.44112962962962965 0.119046875 0.10023611111111111
1 0.9422109375000001 0.4323611111111111 0.115578125 0.09423611111111112
1 0.9392526041666667 0.5302361111111111 0.12149218749999999 0.1557962962962963
2 0.33846562500000005 0.500850925925926 0.3391828125 0.5116328703703703 0.3384002604166667 0.5209078703703705 0.3389872395833333 0.5225310185185185 0.34016119791666666 0.5241541666666667 0.34374791666666665 0.5255453703703704 0.3468130208333333 0.5250819444444444 0.3496171875 0.5224152777777777 0.3511825520833333 0.5187050925925926 0.3511171875 0.5159226851851852 0.348378125 0.5074592592592593 0.34772604166666665 0.49934351851851855 0.34537838541666666 0.49656111111111106 0.3429653645833334 0.49656111111111106 0.3406177083333333 0.49748842592592596
2 0.4239583333333333 0.41712962962962963 0.4241580729166667 0.42421574074074075 0.42331015625 0.42943333333333333 0.42311458333333335 0.4331430555555556 0.42422317708333335 0.434650462962963 0.42631015624999996 0.4362736111111111 0.42917942708333334 0.43673703703703703 0.4321143229166667 0.4348824074074074 0.43374453125 0.43256342592592595 0.4338098958333333 0.4302449074074074 0.43224453125 0.4234046296296296 0.4318533854166667 0.416912037037037 0.4315924479166667 0.41401342592592594 0.43028828125 0.4121583333333333 0.42709270833333335 0.4118106481481481 0.42520156249999996 0.4129699074074074 0.42421875 0.4148148148148148
2 0.50482890625 0.5028217592592593 0.5035244791666666 0.5082708333333333 0.50306796875 0.5116328703703703 0.5041114583333334 0.5141837962962963 0.5068505208333334 0.5170819444444444 0.5104372395833333 0.5183574074074074 0.51350234375 0.5156907407407407 0.5153283854166667 0.5130240740740741 0.51526328125 0.5098939814814816 0.5139588541666666 0.5035171296296296 0.51402421875 0.49308287037037035 0.5130208333333334 0.4912037037037037 0.5107635416666667 0.4894888888888889 0.5078125 0.48935185185185187 0.5060679687499999 0.4904162037037037 0.50508984375 0.49285092592592594
2 0.5667830729166667 0.4227087962962963 0.5658049479166666 0.426650462962963 0.56671796875 0.42989675925925924 0.56875 0.43148148148148147 0.5710221354166667 0.43244768518518517 0.5748697916666666 0.4316361111111111 0.5765 0.42943333333333333 0.5767609375 0.42723055555555556 0.5757174479166667 0.42050601851851854 0.5762393229166667 0.4113467592592593 0.5756523437500001 0.40983981481481485 0.5747393229166666 0.40891203703703705 0.5734375 0.4078703703703704 0.5707611979166667 0.4079847222222222 0.56919609375 0.40914398148148146 0.5683481770833333 0.4113467592592593 0.56795703125 0.4185351851851852
2 0.6728114583333333 0.49199444444444446 0.6741515625000001 0.48522870370370375 0.6743658854166666 0.4817027777777778 0.67302578125 0.4789393518518519 0.6707744791666667 0.47731944444444446 0.6680408854166667 0.4769379629629629 0.6658968749999999 0.477700462962963 0.6648247395833333 0.4793203703703704 0.66380625 0.48837314814814814 0.6612869791666667 0.4938046296296296 0.6609653645833333 0.4964731481481482 0.66176953125 0.49933194444444445 0.6633776041666667 0.502 0.6650927083333333 0.5038106481481481 0.6679335937499999 0.5045726851851852 0.6707208333333334 0.5043824074074074 0.67302578125 0.5029527777777777 0.6735619791666667 0.4999037037037037
2 0.6987010416666667 0.41814259259259257 0.6991835937499999 0.4148074074074074 0.7010059895833333 0.41013796296296295 0.7025067708333333 0.4029912037037037 0.7034716145833334 0.4004185185185185 0.7049726562499999 0.3996560185185185 0.7075989583333333 0.40022777777777774 0.7094216145833333 0.4012759259259259 0.7108687499999999 0.40365833333333334 0.7094752604166668 0.41337824074074075 0.7095822916666666 0.4221449074074074 0.70797421875 0.42357453703703707 0.7056695312500001 0.4243365740740741 0.7034716145833334 0.42366944444444443 0.7011669270833334 0.4227166666666667 0.6999875000000001 0.4216685185185185
2 0.8145885416666666 0.49542499999999995 0.8171614583333333 0.49685416666666665 0.8195197916666667 0.49656805555555555 0.8216104166666667 0.4964731481481482 0.8234328125 0.49590138888888885 0.8234328125 0.4856097222222222 0.8252018229166667 0.47789120370370364 0.8253625 0.4756041666666667 0.8247192708333333 0.47369814814814815 0.8232184895833333 0.47093472222222227 0.8209671875000001 0.4698865740740741 0.8196270833333333 0.469600462962963 0.81764375 0.4697912037037037 0.8163572916666666 0.47045833333333337 0.8154997395833333 0.47245925925925925 0.8138380208333333 0.48017777777777776 0.8105684895833334 0.487325 0.8104075520833334 0.49037407407407413 0.8114260416666668 0.49247083333333336
2 0.830615625 0.4161416666666667 0.8325453125000001 0.41709444444444443 0.8344747395833333 0.41690370370370367 0.8365653645833333 0.416237037037037 0.83828046875 0.4153791666666667 0.8383341145833333 0.4065171296296296 0.83983515625 0.4001324074074074 0.8400494791666666 0.3970828703703703 0.8391919270833333 0.3955583333333333 0.8371013020833333 0.39355740740740736 0.8353325520833333 0.3927949074074074 0.8335635416666667 0.3925092592592593 0.8321700520833333 0.3929856481481482 0.8312052083333333 0.3947962962962963 0.8292755208333333 0.40289583333333334 0.8276674479166667 0.40546898148148147 0.82702421875 0.4070888888888889 0.8267026041666666 0.4090898148148148 0.8269169270833333 0.41166296296296295 0.8279890625 0.41385462962962966 0.8295434895833333 0.4153791666666667
2 0.9544359375 0.48227453703703704 0.9558296875 0.4835134259259259 0.9582416666666667 0.4843708333333333 0.9608682291666667 0.4839898148148148 0.9632265624999999 0.4825601851851852 0.9640307291666667 0.48094027777777776 0.9647276041666667 0.4739837962962963 0.9675684895833334 0.4664560185185185 0.9677828125 0.4640736111111111 0.9669252604166666 0.4616912037037037 0.9644059895833333 0.4592138888888889 0.9623153645833333 0.4580703703703704 0.9604393229166667 0.45768888888888887 0.9582953125 0.45778425925925925 0.9573304687499999 0.45864212962962964 0.95416796875 0.46607453703703705 0.9510054687499999 0.4691240740740741 0.9498796875 0.47179212962962963 0.9499333333333334 0.4748416666666666 0.95084453125 0.4776050925925926 0.9528278645833334 0.48046388888888886
2 0.9504158854166668 0.4062310185185185 0.95250625 0.4075652777777778 0.9547575520833332 0.40775601851851856 0.9569015625 0.407374537037037 0.9584559895833333 0.4063263888888889 0.9595817708333333 0.39746435185185186 0.96161875 0.39136574074074076 0.9617794270833334 0.3889833333333333 0.9604393229166667 0.38707731481481483 0.9585632812499999 0.38564814814814813 0.95593671875 0.38440925925925923 0.954596875 0.3845046296296296 0.9532567708333333 0.38564814814814813 0.95046953125 0.39260416666666664 0.94618125 0.3989888888888889 0.9459669270833333 0.4012759259259259 0.946878125 0.4029912037037037