1 0 0.7552916666666666 0.1577395828125 0.7552916666666666 0.1577395828125 0.5753935194444445 0 0.5753935194444445 0 0.7552916666666666
1 0.0691953125 0.9047638888888888 0.2276796875 0.9047638888888888 0.2276796875 0.7089953694444445 0.0691953125 0.7089953694444445 0.0691953125 0.9047638888888888
1 0.1562473953125 0.7526481472222222 0.2991067703125 0.7526481472222222 0.2991067703125 0.5793703694444444 0.1562473953125 0.5793703694444444 0.1562473953125 0.7526481472222222
1 0.2313984375 0.8796250000000001 0.3727682296875 0.8796250000000001 0.3727682296875 0.7050231472222223 0.2313984375 0.7050231472222223 0.2313984375 0.8796250000000001
1 0.3050572921875 0.7460277777777777 0.4456822921875 0.7460277777777777 0.4456822921875 0.57275 0.3050572921875 0.57275 0.3050572921875 0.7460277777777777
1 0.3772317703125 0.8875694444444444 0.5133932296875 0.8875694444444444 0.5133932296875 0.7037083333333334 0.3772317703125 0.7037083333333334 0.3772317703125 0.8875694444444444
1 0.450890625 0.7499953694444444 0.5863072921875 0.7499953694444444 0.5863072921875 0.5753935194444445 0.450890625 0.5753935194444445 0.450890625 0.7499953694444444
1 0.521578125 0.8822731472222223 0.6555052078125 0.8822731472222223 0.6555052078125 0.7050231472222223 0.521578125 0.7050231472222223 0.521578125 0.8822731472222223
1 0.5944947921875 0.7420648138888889 0.7299114578125 0.7420648138888889 0.7299114578125 0.5780462972222222 0.5944947921875 0.5780462972222222 0.5944947921875 0.7420648138888889
1 0.6607161453125 0.8822777777777778 0.7968776046875 0.8822777777777778 0.7968776046875 0.7063518527777778 0.6607161453125 0.7063518527777778 0.6607161453125 0.8822777777777778
2 0.7469187500000001 0.8230500000000001 0.7473963546875 0.8199379638888888 0.7469984375000001 0.8159777777777778 0.7454072921875 0.8130074083333333 0.7419859375 0.808199075 0.7412703125 0.8055111111111111 0.7395197921875 0.8016925916666666 0.7371328125 0.8009851861111111 0.7343484375 0.8018333333333334 0.7322 0.8035314805555557 0.7315635421875 0.806925925 0.7321208328125001 0.8100370361111111 0.7325182296875 0.8138564805555556 0.7349848953125 0.8168268527777778 0.7362578125 0.8188064805555555 0.7400765625 0.8241814805555555 0.7411109375 0.8258787027777778 0.7427817703125 0.8264444444444444 0.7453276046874999 0.8263027777777777 0.7469187500000001 0.8230500000000001
2 0.6704609375 0.6786379638888889 0.6726885421875 0.6793453694444445 0.6747572921875 0.6783546305555556 0.6766666671875 0.6749601861111111 0.6769848953125 0.6719898138888889 0.6766666671875 0.6687370361111111 0.6745182296875 0.6653425916666666 0.6726885421875 0.6630796305555555 0.6719723953125001 0.6605333333333333 0.6707791671875001 0.6581287027777778 0.6691880203125 0.6571388888888888 0.6667213546874999 0.6564314805555556 0.6648916671875 0.6575629638888889 0.6631411453125 0.6608166666666667 0.6618682296875 0.6636453694444444 0.6617088546875001 0.6670398138888889 0.661390625 0.6711416666666666 0.6623453125000001 0.6738287027777777 0.6654484375 0.675950925 0.6682333328125 0.6762333333333334 0.6704609375 0.6786379638888889
2 0.5975828125 0.8233333333333333 0.5987765625 0.8196555555555556 0.5991739578125 0.8164018527777779 0.5981395828125 0.8120175916666666 0.5982989578125 0.806925925 0.5972645828125 0.8036722222222222 0.5952755203125 0.800136111111111 0.5928885421875 0.7982972222222222 0.5913770828125 0.7985805555555555 0.5890697921875 0.8005611111111111 0.5876375 0.8035314805555557 0.5870010421875 0.80735 0.5871604171875 0.8110277777777779 0.5881151046875 0.8128657416666667 0.5895473953125 0.8151296305555555 0.590740625 0.8192314805555556 0.5916953125 0.8220601861111111 0.5937640625 0.8246055555555556 0.595753125 0.8250305555555556 0.5975828125 0.8233333333333333
2 0.523909375 0.6776481472222222 0.5250234375 0.6745361111111111 0.5254208328125001 0.6719898138888889 0.5255005203125 0.6680296305555555 0.5252619796875 0.6640694444444445 0.5236708328125 0.6601092583333333 0.5215223953125 0.6579870361111111 0.5196927078125 0.6572805555555555 0.5177833328125 0.6577046305555555 0.5154760421875 0.6598259249999999 0.514203125 0.6630796305555555 0.5136458328125 0.666474075 0.5139640625 0.671 0.5149984375 0.6731212972222222 0.5161921875 0.675950925 0.5182604171875 0.6793453694444445 0.5201697921874999 0.6800527777777777 0.5225567703125 0.6799111111111111 0.523909375 0.6776481472222222
2 0.4465760421875 0.8296981472222222 0.4477692703125 0.8275759249999999 0.4480875 0.8230500000000001 0.44864479218750003 0.8205037027777777 0.45007656249999994 0.8182407416666666 0.45103125000000005 0.8158361111111112 0.4507927078125 0.8115935194444445 0.4497583328125 0.8080574083333333 0.4480875 0.8053694444444445 0.4458598953125 0.8042379638888889 0.44410989531249995 0.8040972222222222 0.4429161453125 0.8046629638888889 0.44132499999999997 0.805935186111111 0.4398927078125 0.8086231472222222 0.4393359375 0.8111685194444445 0.4393359375 0.8139981472222222 0.4398927078125 0.8168268527777778 0.4398927078125 0.8213527777777778 0.43981354218749996 0.8251712972222223 0.44037031249999997 0.8274342583333333 0.44148437500000004 0.8294148138888889 0.443234375 0.8306879638888889 0.44498489531249996 0.8306879638888889 0.4465760421875 0.8296981472222222
2 0.135803125 0.8308731472222222 0.1405369796875 0.8284694444444445 0.1423401046875 0.8246629638888889 0.1434671875 0.8200546305555556 0.1424526046875 0.8146444444444444 0.1400859375 0.8110379638888888 0.1365921875 0.8096361111111111 0.1336619796875 0.8142444444444444 0.13028125 0.8172490750000001 0.1293796875 0.8194537027777777 0.1262239578125 0.8222583333333333 0.1243078125 0.8248629638888889 0.1226177078125 0.8286694444444446 0.1221666671875 0.8322759249999999 0.1231807296875 0.8356824083333333 0.1253223953125 0.8382870361111112 0.12881614531250002 0.8386870361111111 0.1338875 0.8344796305555555 0.135803125 0.8308731472222222
2 0.057139062500000004 0.6874194444444445 0.0597307296875 0.6836120361111111 0.061759375000000005 0.6804064805555556 0.0622104171875 0.6755981472222222 0.061534374999999995 0.6711907416666667 0.0590546875 0.6675842583333333 0.0572515625 0.6659814805555555 0.0547723953125 0.6657805555555556 0.0530817703125 0.6671833333333334 0.0487989578125 0.6715907416666667 0.0419244796875 0.6749972222222222 0.0398958328125 0.677000925 0.0391067703125 0.6798055555555556 0.0389942703125 0.6842138888888889 0.0398958328125 0.6872185194444445 0.042036979687499997 0.6898231472222223 0.0449671875 0.690224075 0.050602082812500004 0.6872185194444445 0.057139062500000004 0.6874194444444445