1 0.075890625 0.6792314814814815 0.15178645833333335 0.16799074074074075
1 0.150296875 0.8167962962962962 0.14732291666666666 0.17857407407407408
1 0.228421875 0.6779074074074074 0.14136979166666666 0.17327777777777775
1 0.2994791666666667 0.8088611111111111 0.140625 0.17857407407407408
1 0.37574479166666663 0.6712962962962963 0.138390625 0.16269444444444445
1 0.44717187500000005 0.8101851851851852 0.13690625 0.17327777777777775
1 0.5189739583333333 0.6726203703703704 0.134671875 0.1653425925925926
1 0.5904010416666666 0.806212962962963 0.13318229166666667 0.16799074074074075
1 0.6607135416666666 0.6706388888888889 0.13392708333333334 0.16137962962962962
1 0.7306562499999999 0.8082037037037038 0.13244270833333333 0.17460185185185184
2 0.046934375 0.700887962962963 0.05196302083333334 0.6985037037037037 0.059003125000000003 0.6985037037037037 0.06269114583333334 0.6943324074074074 0.06470260416666666 0.6883722222222223 0.06453489583333333 0.6836046296296296 0.062020312499999994 0.6788361111111111 0.059003125000000003 0.6770481481481482 0.055147916666666665 0.6752601851851852 0.05011927083333333 0.6815185185185185 0.04291145833333333 0.6856898148148147 0.040397395833333336 0.6901601851851852 0.040397395833333336 0.6958222222222222 0.04257604166666666 0.6996962962962964
2 0.126890625 0.8546546296296297 0.13443385416666667 0.8475027777777778 0.13795364583333333 0.8436287037037037 0.141809375 0.8406481481481481 0.14281510416666665 0.8352842592592592 0.14197656250000001 0.8287287037037038 0.1394625 0.8248546296296296 0.13527187499999999 0.8224703703703704 0.13292500000000002 0.8227685185185185 0.12789635416666667 0.8331981481481482 0.12236510416666667 0.8400527777777778 0.12102395833333333 0.8451185185185185 0.12286770833333334 0.8519722222222222