1 0 0.3574837972222222 0.0647981765625 0.3574837972222222 0.0647981765625 0.2233125 0 0.2233125 0 0.3574837972222222
1 0.0422057296875 0.4192731472222222 0.1553098953125 0.4192731472222222 0.1553098953125 0.27125463055555554 0.0422057296875 0.27125463055555554 0.0422057296875 0.4192731472222222
1 0 0.5674189805555556 0.14048958281249999 0.5674189805555556 0.14048958281249999 0.37725694444444446 0 0.37725694444444446 0 0.5674189805555556
1 0.14526953125 0.48586805555555557 0.27239713593750003 0.48586805555555557 0.27239713593750003 0.3270486111111111 0.14526953125 0.3270486111111111 0.14526953125 0.48586805555555557
1 0.12005989531250001 0.6755555555555556 0.2637526046875 0.6755555555555556 0.2637526046875 0.4700925916666666 0.12005989531250001 0.4700925916666666 0.12005989531250001 0.6755555555555556
1 0.2641223953125 0.5887916666666667 0.4150286453125 0.5887916666666667 0.4150286453125 0.4097361111111111 0.2641223953125 0.4097361111111111 0.2641223953125 0.5887916666666667
1 0.26566015625 0.8000763888888888 0.4431731765625 0.8000763888888888 0.4431731765625 0.563747686111111 0.26566015625 0.563747686111111 0.26566015625 0.8000763888888888
1 0.4216809890625 0.7077893527777778 0.59815234375 0.7077893527777778 0.59815234375 0.4772199083333334 0.4216809890625 0.4772199083333334 0.4216809890625 0.7077893527777778
1 0.45512890625 0.9857407416666667 0.6898346359375 0.9857407416666667 0.6898346359375 0.6826388888888889 0.45512890625 0.6826388888888889 0.45512890625 0.9857407416666667
1 0.6757278640625 0.9001458333333333 0.9263138015625 0.9001458333333333 0.9263138015625 0.6280393527777778 0.6757278640625 0.6280393527777778 0.6757278640625 0.9001458333333333
2 0.5605658859375 0.793038425 0.5659723953125 0.7971578694444444 0.57109375 0.7967592583333333 0.57421875 0.7939814805555555 0.5755208328125 0.7898148138888889 0.5768713546875001 0.781900925 0.5754984375000001 0.7727472222222223 0.5768713546875001 0.7631356472222223 0.5752604171875 0.7550925916666666 0.5708333328124999 0.7495370361111111 0.5674479171875 0.749074075 0.5640625 0.750925925 0.5619791671875001 0.7560185194444445 0.5606518234375 0.7657291666666667 0.5588494796875 0.7692379638888889 0.5570473953125 0.7761037027777777 0.5572190109374999 0.7860203694444444 0.5605658859375 0.793038425
2 0.4982596359375 0.5307069444444444 0.4979213546875 0.5355185194444444 0.498665625 0.5390069444444444 0.50143984375 0.5441791666666667 0.5053640625 0.5457430555555556 0.5092208328125001 0.5450212972222221 0.5123333328124999 0.5422546305555556 0.51416015625 0.5361199083333333 0.5136864578125 0.5307069444444444 0.51192734375 0.5243319444444444 0.5115890624999999 0.5136263888888889 0.5109125 0.5112208333333333 0.50859375 0.5083333333333333 0.5044270828124999 0.5078703694444445 0.5013044265625 0.5096569444444444 0.49973958281249997 0.514814813888889 0.4999513015625 0.525174075 0.4982596359375 0.5307069444444444
2 0.057548698437500004 0.4238194444444444 0.0612221359375 0.41881296388888894 0.062446354687500004 0.4144592583333333 0.06207916718749999 0.4114120361111111 0.0554671875 0.40379305555555556 0.051181510937499994 0.39399768611111113 0.0484877609375 0.3933444444444445 0.045059375 0.394650925 0.042365625000000004 0.3974805555555555 0.0402841140625 0.4011810194444444 0.04052890625 0.4044462972222222 0.0449369796875 0.4135888888888889 0.0454268234375 0.4181601861111111 0.04591640625 0.42251342500000005 0.047875520312499996 0.42621388888888895 0.0506919265625 0.4273023138888889 0.0537528640625 0.4270847222222222 0.057548698437500004 0.4238194444444444
2 0.0952614578125 0.3001782416666667 0.09624088593749999 0.2973486111111111 0.0957513015625 0.2938657416666667 0.09464921875 0.29103564722222225 0.09109843749999999 0.2864648138888889 0.08767005156249999 0.27666898055555555 0.0849760421875 0.2762337972222222 0.0817927078125 0.2775398138888889 0.0795885421875 0.27928101944444444 0.0782416671875 0.28298194444444447 0.07897630156249999 0.28668240833333336 0.0809354171875 0.2927773138888889 0.08191510468749999 0.3006138888888889 0.083384375 0.30235509166666663 0.087425 0.3049671305555556 0.09158802031249999 0.3036611111111111 0.0952614578125 0.3001782416666667
2 0.20191015625 0.3659171305555555 0.20509375 0.36243425833333337 0.2058283859375 0.3580805555555555 0.2049713546875 0.35329166666666667 0.20227760468749997 0.34785 0.1986041671875 0.3374013888888889 0.1960328125 0.33631296388888887 0.19260442656250001 0.33718379722222225 0.1900330734375 0.3393606472222222 0.1886861984375 0.34240786944444446 0.18880859375 0.3445847222222222 0.1913799484375 0.3528564805555556 0.1918697921875 0.3593870361111111 0.1948083328125 0.3667879638888889 0.1982369796875 0.3676587972222222 0.20191015625 0.3659171305555555
2 0 0.24960925833333336 0.0028729171875 0.24927963055555555 0.006579948437499999 0.24680833333333332 0.007877604687500001 0.24516064722222225 0.00843359375 0.24252453611111113 0.007321354687499999 0.2390643527777778 0.0043557296875 0.2344513888888889 0.0028729171875 0.2318152777777778 0 0.22456574166666665 0 0.24960925833333336