1 0 0.7632268527777778 0.1517838546875 0.7632268527777778 0.1517838546875 0.5952361111111111 0 0.5952361111111111 0 0.7632268527777778
1 0.0766354171875 0.9060833333333334 0.22395833281250002 0.9060833333333334 0.22395833281250002 0.7275092583333332 0.0766354171875 0.7275092583333332 0.0766354171875 0.9060833333333334
1 0.1577369796875 0.7645462972222222 0.2991067703125 0.7645462972222222 0.2991067703125 0.5912685194444444 0.1577369796875 0.5912685194444444 0.1577369796875 0.7645462972222222
1 0.22916666718749998 0.8981481472222221 0.3697916671875 0.8981481472222221 0.3697916671875 0.719574075 0.22916666718749998 0.719574075 0.22916666718749998 0.8981481472222221
1 0.3065494796875 0.7526435194444444 0.4449401046875 0.7526435194444444 0.4449401046875 0.5899490749999999 0.3065494796875 0.5899490749999999 0.3065494796875 0.7526435194444444
1 0.37871875 0.896824075 0.515625 0.896824075 0.515625 0.7235462972222223 0.37871875 0.7235462972222223 0.37871875 0.896824075
1 0.4516380203125 0.7552916666666666 0.5863098953125 0.7552916666666666 0.5863098953125 0.5899490749999999 0.4516380203125 0.5899490749999999 0.4516380203125 0.7552916666666666
1 0.5238098953125 0.8902083333333334 0.6569921875 0.8902083333333334 0.6569921875 0.7222175916666667 0.5238098953125 0.7222175916666667 0.5238098953125 0.8902083333333334
1 0.59375 0.7513287027777779 0.7276770828125 0.7513287027777779 0.7276770828125 0.5899490749999999 0.59375 0.5899490749999999 0.59375 0.7513287027777779
1 0.6644348953125 0.8955046305555555 0.7968776046875 0.8955046305555555 0.7968776046875 0.7209027777777777 0.6644348953125 0.7209027777777777 0.6644348953125 0.8955046305555555
2 0.059003125000000003 0.6985037027777777 0.0626911453125 0.6943324083333333 0.0647026046875 0.6883722222222222 0.06453489531249999 0.6836046305555555 0.062020312499999994 0.6788361111111111 0.059003125000000003 0.6770481472222223 0.05514791718749999 0.6752601861111112 0.0501192703125 0.6815185194444444 0.0429114578125 0.6856898138888888 0.0403973953125 0.6901601861111111 0.0403973953125 0.6958222222222222 0.0425760421875 0.6996962972222223 0.046934375 0.700887963888889 0.0519630203125 0.6985037027777777 0.059003125000000003 0.6985037027777777
2 0.1379536453125 0.8436287027777777 0.141809375 0.8406481472222223 0.1428151046875 0.8352842583333333 0.1419765625 0.8287287027777778 0.1394625 0.8248546305555556 0.13527187499999999 0.8224703694444445 0.13292500000000002 0.8227685194444444 0.1278963546875 0.8331981472222222 0.12236510468749999 0.8400527777777778 0.1210239578125 0.8451185194444444 0.1228677078125 0.8519722222222221 0.12689062499999998 0.8546546305555555 0.1344338546875 0.8475027777777778 0.1379536453125 0.8436287027777777