1 0.14021875 0.298287037037037 0.2509895833333333 0.2896574074074074
1 0.245 0.5308935185185185 0.26962499999999995 0.3165925925925926
1 0.40798958333333335 0.31977777777777777 0.2414192708333333 0.29106481481481483
1 0.5405859375 0.5482592592592592 0.26190104166666667 0.3158518518518519
1 0.6735833333333333 0.3317407407407407 0.24227604166666666 0.2903009259259259
1 0.8259817708333334 0.5736342592592593 0.263953125 0.3002638888888889
1 0.9077447916666667 0.3585138888888889 0.18451041666666665 0.27422222222222226
2 0.11588541666666667 0.21296296296296297 0.11614583333333334 0.2199074074074074 0.12213541666666666 0.23425925925925925 0.1234375 0.24212962962962964 0.1265625 0.24861111111111112 0.13020833333333334 0.2513888888888889 0.13438776041666667 0.2500384259259259 0.1408203125 0.2416935185185185 0.14255885416666667 0.23149398148148148 0.1408203125 0.2253125 0.13421406249999998 0.21758611111111112 0.12864583333333332 0.2050925925925926 0.12682291666666667 0.20324074074074075 0.12005208333333334 0.20462962962962963
2 0.22461718749999998 0.4592791666666667 0.22526041666666666 0.4666666666666667 0.23020833333333332 0.48148148148148145 0.23072916666666668 0.4912037037037037 0.2328125 0.49537037037037035 0.23619791666666667 0.4981481481481482 0.24010416666666667 0.4981481481481482 0.24505208333333334 0.49537037037037035 0.24817708333333333 0.4912037037037037 0.25052135416666665 0.48215046296296293 0.24982578125000002 0.4741148148148148 0.24739192708333332 0.4691694444444444 0.2442625 0.46453333333333335 0.240625 0.4532407407407407 0.23854166666666668 0.449537037037037 0.2359375 0.44814814814814813 0.23072916666666668 0.44907407407407407 0.22708333333333333 0.4527777777777778
2 0.39586171875 0.23891157407407407 0.39777421875 0.25096574074074074 0.39638333333333337 0.2583833333333333 0.3972526041666667 0.2658009259259259 0.40078125 0.2722222222222222 0.4036458333333333 0.274537037037037 0.40677083333333336 0.274537037037037 0.41098697916666665 0.272600462962963 0.41481171875 0.2673462962962963 0.41724557291666664 0.2571467592592593 0.4156809895833333 0.24911111111111112 0.4123778645833333 0.2454023148148148 0.40963541666666664 0.23148148148148148 0.4080729166666667 0.22916666666666666 0.4041666666666667 0.22777777777777777 0.39817708333333335 0.2310185185185185
2 0.5326835937500001 0.4920407407407407 0.5311190104166666 0.5010037037037036 0.5332052083333333 0.5099671296296296 0.5375 0.5152777777777777 0.5432885416666667 0.517075462962963 0.55093828125 0.5139847222222222 0.5533854166666666 0.5083333333333333 0.5544151041666667 0.501312962962963 0.5521552083333333 0.49111342592592594 0.55234375 0.47638888888888886 0.5510416666666667 0.4708333333333333 0.54765625 0.4666666666666667 0.5450520833333333 0.46574074074074073 0.5403645833333334 0.4666666666666667 0.53828125 0.4689814814814815 0.53671875 0.4736111111111111 0.5356390624999999 0.48709583333333334
2 0.6690104166666667 0.27037037037037037 0.6695054687499999 0.27630925925925925 0.6708963541666667 0.28063657407407405 0.6733302083333333 0.2855814814814815 0.6778645833333333 0.287962962962963 0.6825520833333333 0.287962962962963 0.6856770833333333 0.2851851851851852 0.68915078125 0.2784726851851852 0.6882815104166667 0.26518287037037036 0.6905416666666666 0.25220185185185184 0.6900200520833334 0.2454023148148148 0.6864583333333333 0.2412037037037037 0.6825520833333333 0.23935185185185184 0.67734375 0.24166666666666667 0.67421875 0.25092592592592594 0.6729166666666667 0.26157407407407407