1 0.5967265625 0.7526435194444444 0.7291692703125 0.7526435194444444 0.7291692703125 0.5912638888888888 0.5967265625 0.5912638888888888 0.5967265625 0.7526435194444444
1 0.6666640625 0.8994675916666667 0.7976171875 0.8994675916666667 0.7976171875 0.7275138888888888 0.6666640625 0.7275138888888888 0.6666640625 0.8994675916666667
1 0.5208359375 0.8941851861111112 0.6607161453125 0.8941851861111112 0.6607161453125 0.7248703694444444 0.5208359375 0.7248703694444444 0.5208359375 0.8941851861111112
1 0.45386718750000005 0.7526481472222222 0.5915182296875 0.7526481472222222 0.5915182296875 0.5859814805555555 0.45386718750000005 0.5859814805555555 0.45386718750000005 0.7526481472222222
1 0.3802083328125 0.8955046305555555 0.5171145828125 0.8955046305555555 0.5171145828125 0.7209027777777777 0.3802083328125 0.7209027777777777 0.3802083328125 0.8955046305555555
1 0.3065494796875 0.7526481472222222 0.44642968749999995 0.7526481472222222 0.44642968749999995 0.5859814805555555 0.3065494796875 0.5859814805555555 0.3065494796875 0.7526481472222222
1 0.2291640625 0.8915370361111111 0.3720234375 0.8915370361111111 0.3720234375 0.7182592583333333 0.2291640625 0.7182592583333333 0.2291640625 0.8915370361111111
1 0.1584791671875 0.7592592583333333 0.30059375 0.7592592583333333 0.30059375 0.5899444444444444 0.1584791671875 0.5899444444444444 0.1584791671875 0.7592592583333333
1 0.0766354171875 0.9047592583333333 0.22767708281250001 0.9047592583333333 0.22767708281250001 0.7222222222222222 0.0766354171875 0.7222222222222222 0.0766354171875 0.9047592583333333
1 0 0.7645555555555555 0.1547604171875 0.7645555555555555 0.1547604171875 0.5859814805555555 0 0.5859814805555555 0 0.7645555555555555
2 0.062375 0.6937018527777777 0.06527604218750001 0.6894037027777778 0.06527604218750001 0.6848194444444444 0.0641479171875 0.6788018527777777 0.0609244796875 0.6750768527777778 0.058184374999999997 0.6736444444444445 0.054960937499999994 0.6753638888888889 0.0512541671875 0.679661111111111 0.045290625 0.6833861111111111 0.0430338546875 0.6853925916666667 0.041744792187500004 0.6888305555555556 0.0415833328125 0.6931287027777777 0.0425505203125 0.6968537027777778 0.0456130203125 0.6997185194444444 0.050770312500000005 0.6988592583333334 0.053510417187500006 0.6962805555555556 0.0594739578125 0.6968537027777778 0.062375 0.6937018527777777
2 0.1421557296875 0.8374231472222222 0.143684375 0.8328935194444443 0.1426651046875 0.8272324083333333 0.1411369796875 0.8240620361111111 0.1379520828125 0.822250925 0.134640625 0.8220240750000001 0.1322203125 0.8245148138888889 0.1294177078125 0.8310824083333332 0.1243223953125 0.8351583333333333 0.12279427031250001 0.8381018527777777 0.1221572921875 0.8412722222222222 0.122284375 0.8451222222222223 0.1233036453125 0.8482925916666667 0.1254692703125 0.8503305555555556 0.1286536453125 0.8501046305555555 0.13553229218750001 0.8428574083333333 0.1397354171875 0.8396870361111111 0.1421557296875 0.8374231472222222