1 0.6034244796875 0.7566111111111111 0.7366067703125 0.7566111111111111 0.7366067703125 0.5899444444444444 0.6034244796875 0.5899444444444444 0.6034244796875 0.7566111111111111
1 0.6711302078125 0.8902129638888889 0.8050572921875 0.8902129638888889 0.8050572921875 0.7142870361111111 0.6711302078125 0.7142870361111111 0.6711302078125 0.8902129638888889
1 0.5305078125 0.8915324083333332 0.6651796875 0.8915324083333332 0.6651796875 0.7235416666666667 0.5305078125 0.7235416666666667 0.5305078125 0.8915324083333332
1 0.4605651046875 0.7486805555555555 0.5952369796875 0.7486805555555555 0.5952369796875 0.5833379638888889 0.4605651046875 0.5833379638888889 0.4605651046875 0.7486805555555555
1 0.3876484375 0.8994722222222222 0.5223203125 0.8994722222222222 0.5223203125 0.7261944444444445 0.3876484375 0.7261944444444445 0.3876484375 0.8994722222222222
1 0.3126979171875 0.7534675916666667 0.44760416718749996 0.7534675916666667 0.44760416718749996 0.5962916666666667 0.3126979171875 0.5962916666666667 0.3126979171875 0.7534675916666667
1 0.2389244796875 0.895 0.3746067703125 0.895 0.3746067703125 0.7298888888888888 0.2389244796875 0.7298888888888888 0.2389244796875 0.895
1 0.16419791718750001 0.762939813888889 0.3032916671875 0.762939813888889 0.3032916671875 0.6042268527777778 0.16419791718750001 0.6042268527777778 0.16419791718750001 0.762939813888889
1 0.0832161453125 0.9105185194444445 0.2272005203125 0.9105185194444445 0.2272005203125 0.7367037027777777 0.0832161453125 0.7367037027777777 0.0832161453125 0.9105185194444445
1 0.0042317703125 0.7692824083333333 0.1561223953125 0.7692824083333333 0.1561223953125 0.606050925 0.0042317703125 0.606050925 0.0042317703125 0.7692824083333333
2 0.06854218749999999 0.7036870361111112 0.07019062499999999 0.6995 0.0705442703125 0.6955222222222223 0.07019062499999999 0.6917537027777777 0.0688953125 0.6886129638888889 0.0659510421875 0.6865194444444445 0.0627713546875 0.686310186111111 0.0606515625 0.6871472222222222 0.0577072921875 0.6913342583333334 0.0535854171875 0.6936379638888889 0.0504052078125 0.6946842583333334 0.048521354687500004 0.697825 0.0478145828125 0.7020120361111111 0.0482854171875 0.7070370361111111 0.050523437500000004 0.7099685194444444 0.052996354687500004 0.7101777777777778 0.0594739578125 0.7068277777777777 0.0659510421875 0.7066185194444444 0.06854218749999999 0.7036870361111112
2 0.1339041671875 0.8598759250000001 0.1356708328125 0.8590388888888889 0.1380260421875 0.8567361111111111 0.1416770828125 0.8519203694444444 0.1462697921875 0.8496175916666666 0.148271875 0.8468953694444445 0.1490963546875 0.8437546305555556 0.1490963546875 0.8376833333333332 0.148271875 0.8347518527777779 0.1463880203125 0.8330768527777778 0.14415 0.8311925916666667 0.1417947921875 0.8305648138888889 0.1399104171875 0.8318212972222222 0.13625937500000002 0.838311111111111 0.13531770781250002 0.8406148138888889 0.1303713546875 0.8458481472222222 0.1291932296875 0.8483611111111112 0.1289578125 0.8517111111111111 0.1300177078125 0.8571546305555556 0.1313130203125 0.8592481472222223 0.1339041671875 0.8598759250000001