1 0.08066145833333334 0.6950277777777778 0.156859375 0.1727962962962963
1 0.15517708333333333 0.8333333333333334 0.14806770833333335 0.1789351851851852
1 0.23326041666666666 0.6917962962962962 0.14211458333333335 0.16931481481481483
1 0.3043177083333333 0.8234166666666667 0.142859375 0.17857407407407408
1 0.37909375 0.6845277777777777 0.13913541666666665 0.16799074074074075
1 0.4534947916666667 0.8214259259259259 0.14359895833333333 0.17725000000000002
1 0.52753125 0.6752685185185184 0.142859375 0.17592592592592593
1 0.5985885416666666 0.8167962962962962 0.13318229166666667 0.17857407407407408
1 0.669640625 0.6785740740740741 0.138390625 0.16666666666666666
1 0.7377239583333334 0.8128333333333333 0.140625 0.18386111111111111
2 0.0592546875 0.7162768518518519 0.06544583333333334 0.7169833333333333 0.069396875 0.714025925925926 0.07147656250000001 0.706262962962963 0.07064479166666666 0.7014574074074074 0.0673171875 0.6962824074074074 0.06419791666666667 0.6933259259259259 0.06191041666666666 0.6948046296296296 0.05608802083333333 0.700349074074074 0.049433333333333336 0.7047842592592592 0.046521875000000004 0.7081111111111111 0.046521875000000004 0.7151342592592593 0.049225520833333335 0.7199398148148148 0.0531765625 0.7203092592592593
2 0.13450416666666667 0.8686175925925925 0.1408447916666667 0.861049074074074 0.1464703125 0.8581157407407407 0.14834583333333334 0.8537157407407407 0.14872083333333333 0.8489157407407407 0.1477453125 0.8450490740740741 0.1456453125 0.8430500000000001 0.1432453125 0.8414499999999999 0.14069479166666668 0.8411833333333333 0.13814479166666666 0.8429166666666666 0.13484427083333334 0.8491824074074074 0.13386927083333333 0.8509157407407407 0.12921927083333334 0.8562490740740741 0.12816875 0.859049074074074 0.12779375 0.8619824074074074 0.12809375 0.8654481481481481 0.12959427083333333 0.8683814814814814 0.13221927083333332 0.8699814814814815