1 0.07961458333333334 0.6792314814814815 0.154765625 0.16269444444444445
1 0.15661979166666665 0.8168055555555556 0.14359895833333333 0.17327777777777775
1 0.23474479166666665 0.6785740740740741 0.140625 0.16931481481481483
1 0.3061770833333333 0.8029074074074074 0.13616145833333335 0.17725000000000002
1 0.38057812500000004 0.6693148148148148 0.13765104166666667 0.1640185185185185
1 0.453125 0.8022499999999999 0.13541666666666666 0.17063888888888887
1 0.52753125 0.6620370370370371 0.13541666666666666 0.16799074074074075
1 0.595984375 0.8035740740740741 0.13541666666666666 0.17327777777777775
1 0.6692708333333334 0.6679907407407407 0.13318229166666667 0.1640185185185185
1 0.736234375 0.7956388888888889 0.12871875 0.16799074074074075
2 0.13296197916666666 0.8506638888888889 0.13602395833333333 0.8504546296296296 0.1428546875 0.8420796296296297 0.14815416666666667 0.8385203703703703 0.149803125 0.8349611111111112 0.15027395833333335 0.8314018518518519 0.14862552083333333 0.8263768518518518 0.14626979166666668 0.8238648148148148 0.14367916666666666 0.8221898148148148 0.14049947916666666 0.8221898148148148 0.13896822916666668 0.824912037037037 0.13649531250000002 0.8301462962962963 0.13307968750000002 0.8339148148148149 0.130253125 0.8372648148148149 0.12919322916666667 0.8408240740740741 0.12907552083333332 0.8443833333333333 0.12978229166666666 0.8481518518518518
2 0.053938541666666666 0.701175 0.05888489583333333 0.6990814814814815 0.06595104166666667 0.6988722222222222 0.06830625 0.6961499999999999 0.07030833333333333 0.691962962962963 0.07125052083333333 0.6873564814814815 0.06936614583333332 0.6812851851851852 0.06689322916666667 0.6777259259259258 0.06359583333333334 0.676050925925926 0.06124010416666667 0.6770972222222222 0.056647395833333336 0.6827509259259259 0.05087656250000001 0.6861 0.04922760416666667 0.6875657407407407 0.048403125 0.6902879629629629 0.047814583333333334 0.6942657407407408 0.048285416666666664 0.696987962962963 0.050169791666666665 0.7003370370370371 0.05193645833333334 0.7015935185185185