1 0.6711927083333333 0.6797777777777777 0.13025520833333334 0.1540648148148148
1 0.7397552083333333 0.810962962962963 0.12993229166666667 0.16225925925925927
1 0.5988177083333334 0.8166851851851852 0.13013541666666667 0.16242592592592592
1 0.5285729166666667 0.6777777777777778 0.13020833333333334 0.15688888888888888
1 0.454375 0.8207685185185185 0.13153125 0.16308333333333333
1 0.3802083333333333 0.6847685185185185 0.13361979166666668 0.15781481481481482
1 0.306609375 0.8252314814814815 0.13566145833333335 0.16741666666666666
1 0.23380208333333333 0.6956574074074073 0.137890625 0.16010185185185186
1 0.15455208333333334 0.8364537037037038 0.14539583333333334 0.1759537037037037
1 0.07949999999999999 0.699324074074074 0.15074479166666668 0.16548148148148148
2 0.05173125 0.7214824074074074 0.054486979166666664 0.7212592592592593 0.05761822916666667 0.7192555555555556 0.06550937500000001 0.7192555555555556 0.07014427083333333 0.7127972222222222 0.07089583333333334 0.7061175925925925 0.06876614583333333 0.7007731481481482 0.06575989583333333 0.696987037037037 0.0630046875 0.6960962962962963 0.06062447916666667 0.6972101851851852 0.05761822916666667 0.703 0.050604166666666665 0.7067851851851852 0.0478484375 0.7094574074074075 0.046971354166666666 0.713687962962963 0.04734739583333333 0.7183648148148147 0.048975520833333334 0.721037037037037
2 0.12788750000000002 0.8646648148148148 0.1285140625 0.8608796296296296 0.13064322916666668 0.8570944444444445 0.13440104166666667 0.8533083333333333 0.138409375 0.8448462962962963 0.14103958333333333 0.8441787037037036 0.14341979166666666 0.8439555555555556 0.14529843750000002 0.8448462962962963 0.14705208333333333 0.8475185185185186 0.14868020833333334 0.8530861111111111 0.14780364583333333 0.8579851851851852 0.14492291666666668 0.8606574074074074 0.14166614583333334 0.8617703703703704 0.13815885416666665 0.8675601851851852 0.13402552083333333 0.8715685185185185 0.13227187499999998 0.8717907407407407 0.13076875 0.8713453703703704 0.12901510416666667 0.8697870370370371 0.12801302083333332 0.8675601851851852