1 0.7142942708333333 0.4070740740740741 0.29250000000000004 0.31039351851851854
1 0.4922265625 0.5424398148148148 0.29046093749999996 0.3519259259259259
1 0.43772656249999997 0.3090925925925926 0.224109375 0.20501851851851852
1 0.24001822916666665 0.4475138888888889 0.2189765625 0.29707407407407405
1 0.2326302083333333 0.2497824074074074 0.1832526041666667 0.1442314814814815
1 0.07341666666666667 0.24379166666666668 0.14683333333333334 0.18552314814814816
1 0.06619791666666666 0.3844074074074074 0.13239583333333332 0.2546666666666667
1 0.8299166666666667 0.6592361111111111 0.34016406250000003 0.43233796296296295
2 0.0484375 0.1476851851851852 0.04765625 0.15231481481481482 0.05026041666666667 0.16203703703703703 0.05165286458333333 0.1761787037037037 0.05292239583333334 0.18012824074074074 0.05633411458333334 0.18041064814814817 0.06109479166666667 0.1791412037037037 0.0649828125 0.1756148148148148 0.06807708333333333 0.1726523148148148 0.06807708333333333 0.16870277777777778 0.06252291666666666 0.15699537037037037 0.06069817708333333 0.14881388888888888 0.058333333333333334 0.1439814814814815 0.05572916666666667 0.14351851851851852
2 0.01615338541666667 0.25914722222222225 0.014401822916666666 0.2617425925925926 0.0136234375 0.26451018518518515 0.0171875 0.2791666666666667 0.018229166666666668 0.29305555555555557 0.020833333333333332 0.29768518518518516 0.025203385416666668 0.2998013888888889 0.030263541666666668 0.2982444444444444 0.035518229166666665 0.29305462962962964 0.0384375 0.2894217592592592 0.03941067708333333 0.28509675925925926 0.032112239583333334 0.2714300925925926 0.02919296875 0.26122361111111114 0.02783072916666667 0.25655231481481483 0.02578125 0.25555555555555554 0.020921614583333335 0.25586064814814813
2 0.209703125 0.17472546296296296 0.209021875 0.1788773148148148 0.21155208333333334 0.19167916666666665 0.21155208333333334 0.20776759259259261 0.21408203125 0.21105462962962962 0.21865572916666667 0.21191944444444444 0.22410494791666666 0.2094976851851852 0.22955442708333335 0.20551898148148148 0.23013828125 0.19911805555555556 0.22498072916666667 0.18510509259259258 0.22291666666666668 0.175 0.2203125 0.17083333333333334 0.21640625 0.17037037037037037 0.2125 0.17175925925925925
2 0.20960572916666667 0.31018101851851854 0.20989765624999998 0.3141601851851852 0.21271979166666669 0.32782685185185184 0.21310911458333334 0.3406282407407407 0.21379010416666666 0.3496240740740741 0.21787708333333333 0.3529111111111111 0.22449427083333334 0.3523921296296296 0.22945703125 0.3491050925925926 0.23441979166666668 0.3437421296296296 0.23500364583333333 0.3402824074074074 0.23227916666666668 0.3288648148148148 0.22897057291666664 0.32090694444444445 0.22604166666666667 0.3074074074074074 0.22468880208333333 0.30239629629629633 0.22109375 0.3023148148148148 0.2171875 0.30277777777777776 0.2125 0.3060185185185185
2 0.4158854166666667 0.2064814814814815 0.41484375 0.20925925925925926 0.41483281250000004 0.2108814814814815 0.41814114583333334 0.22748935185185185 0.4182385416666667 0.24565370370370368 0.42057395833333333 0.24807592592592595 0.4243690104166667 0.24894074074074074 0.4298184895833333 0.2468648148148148 0.43419739583333333 0.24305879629629626 0.43723958333333335 0.23796296296296296 0.43818723958333333 0.23371712962962962 0.43671875 0.2300925925925926 0.4342947916666667 0.22351018518518517 0.431959375 0.2178013888888889 0.42962395833333333 0.20551898148148148 0.4282614583333333 0.2020587962962963 0.42446640625 0.20032916666666667 0.4192708333333333 0.20277777777777778
2 0.4671875 0.38287037037037036 0.46835312500000004 0.402387962962963 0.46601770833333334 0.422974537037037 0.4668934895833334 0.4271263888888889 0.4714671875 0.43196990740740737 0.47623541666666663 0.43370000000000003 0.483728125 0.4317972222222222 0.4888856770833333 0.42695324074074076 0.4919994791666667 0.4212444444444445 0.49219427083333334 0.4165736111111111 0.48732864583333335 0.39892777777777777 0.4855770833333333 0.37972546296296295 0.48499322916666665 0.37626527777777774 0.4822916666666667 0.3736111111111111 0.47808411458333333 0.3726324074074074 0.47370520833333335 0.37349768518518517 0.4700520833333333 0.37592592592592594 0.46770833333333334 0.37962962962962965
2 0.6977848958333334 0.26162175925925923 0.6975151041666667 0.2779231481481481 0.6955729166666667 0.2916666666666667 0.6945484375 0.29710138888888893 0.6948182291666666 0.29917916666666666 0.697065625 0.3025351851851852 0.7000322916666666 0.3050921296296296 0.7037182291666666 0.30653055555555553 0.7092018229166667 0.3063708333333333 0.71328125 0.3050925925925926 0.7169270833333333 0.3013888888888889 0.7196299479166667 0.2966222222222222 0.7193601562499999 0.2915078703703704 0.7159442708333333 0.2748865740740741 0.7158541666666667 0.256987037037037 0.7151041666666667 0.2550925925925926 0.7127604166666667 0.2518518518518518 0.7083028645833332 0.25075416666666667 0.7036458333333333 0.2513888888888889 0.69921875 0.25462962962962965 0.6978747395833333 0.2566675925925926
2 0.8354166666666667 0.47314814814814815 0.8361372395833333 0.49239907407407413 0.8318221354166667 0.5154124999999999 0.8321817708333333 0.5205268518518519 0.8347888020833333 0.5254810185185185 0.8382947916666666 0.5283578703703703 0.84719453125 0.5305953703703704 0.8540268229166668 0.5299560185185185 0.8597802083333334 0.5278787037037037 0.8639156250000001 0.5224444444444445 0.8655335937499999 0.5178097222222222 0.8649044270833334 0.513175 0.8604994791666667 0.49239907407407413 0.8596903645833333 0.4652300925925926 0.8578026041666666 0.46299259259259257 0.8533854166666667 0.46064814814814814 0.8463854166666667 0.4594763888888889 0.8411458333333334 0.4615740740740741 0.83671875 0.46620370370370373 0.8357776041666667 0.46762731481481484