1 0.07663541666666666 0.6772407407407407 0.15327083333333333 0.16666666666666666
1 0.14833333333333334 0.816787037037037 0.14488541666666668 0.17589814814814814
1 0.22767708333333334 0.674601851851852 0.14434375 0.17195370370370372
1 0.3013385416666667 0.8082037037037038 0.138390625 0.17460185185185184
1 0.37574479166666663 0.6693148148148148 0.13988020833333334 0.16931481481481483
1 0.4468020833333333 0.8088611111111111 0.13913541666666665 0.17063888888888887
1 0.51934375 0.6706388888888889 0.13392708333333334 0.16666666666666666
1 0.5907760416666666 0.8082037037037038 0.13244270833333333 0.16931481481481483
1 0.6629479166666666 0.6706388888888889 0.13244270833333333 0.1587314814814815
1 0.7310260416666666 0.8121666666666667 0.134671875 0.16666666666666666
2 0.052298437499999996 0.6967157407407407 0.05933854166666667 0.6976101851851851 0.06336145833333333 0.6931398148148148 0.0648703125 0.6874777777777777 0.06436718749999999 0.6821138888888889 0.061853124999999995 0.678537962962963 0.059003125000000003 0.6761546296296296 0.05581822916666667 0.6749620370370369 0.05296875 0.6770481481481482 0.04978385416666666 0.6815185185185185 0.04425260416666667 0.6844981481481481 0.042073437500000005 0.6865842592592593 0.040061979166666664 0.6913518518518518 0.04073229166666667 0.6961203703703703 0.04257604166666666 0.6996962962962964 0.04592864583333334 0.7005898148148147
2 0.12823177083333334 0.8323046296296296 0.12320312500000001 0.8373703703703704 0.12152656249999999 0.8397546296296295 0.12152656249999999 0.8451185185185185 0.12253229166666667 0.8492907407407407 0.125046875 0.8513759259259259 0.12823177083333334 0.8504824074074073 0.13393072916666665 0.8454166666666666 0.137115625 0.842137962962963 0.14147395833333334 0.8394564814814816 0.14281510416666665 0.8346888888888889 0.14164166666666667 0.8287287037037038 0.1401328125 0.825450925925926 0.1382890625 0.8233648148148148 0.13610989583333336 0.8221722222222222 0.13426614583333332 0.8227685185185185