1 0.8237109375 0.6808194444444444 0.20890885416666669 0.221625
1 0.6854479166666666 0.53425 0.1613776041666667 0.176462962962963
1 0.5515963541666667 0.6537361111111111 0.18352083333333333 0.22083796296296296
1 0.4640416666666667 0.518912037037037 0.15364843749999998 0.18658333333333332
1 0.3510989583333333 0.64175 0.17835677083333332 0.20612037037037037
1 0.29599739583333334 0.5126851851851852 0.15720572916666667 0.16403703703703704
1 0.1634375 0.6319444444444444 0.17494531249999998 0.20224537037037038
1 0.13546875 0.4915648148148148 0.15699479166666666 0.16531944444444444
1 0.0383125 0.6103564814814815 0.07662239583333334 0.20777314814814815
2 0.12448255208333332 0.45188703703703703 0.12805494791666666 0.4516425925925926 0.13286380208333334 0.4479787037037037 0.13465000000000002 0.4440703703703704 0.13506223958333333 0.4416277777777778 0.13080286458333334 0.43332314814814815 0.12736796875 0.4230638888888889 0.12558177083333333 0.42135416666666664 0.12173463541666667 0.42159814814814817 0.11871197916666666 0.42379675925925925 0.11706302083333334 0.42746064814814816 0.11665104166666666 0.43112453703703707 0.11953619791666667 0.4389412037037037 0.12077291666666666 0.44773425925925925
2 0.46206953125 0.47240509259259256 0.46591666666666665 0.4721606481481481 0.46893958333333335 0.4692296296296296 0.4697640625 0.46605416666666666 0.46825260416666664 0.4562837962962963 0.46852734375 0.4452916666666667 0.4671533854166666 0.4421162037037037 0.46454270833333333 0.4408949074074074 0.46138255208333334 0.4408949074074074 0.4594591145833334 0.4428490740740741 0.45877213541666667 0.4462689814814815 0.45863463541666666 0.45359675925925924 0.45629895833333334 0.46190185185185184 0.45588671875000003 0.46434444444444445 0.45794765625 0.4687412037037037
2 0.5512408854166666 0.6113907407407407 0.5555002604166667 0.6104138888888888 0.5579734375 0.6077268518518518 0.5594848958333334 0.6023532407407408 0.5578361979166666 0.5913611111111111 0.5582481770833333 0.5793921296296297 0.5559125 0.5749953703703704 0.5531645833333333 0.5727972222222222 0.5501419270833333 0.5727972222222222 0.5478059895833333 0.5749953703703704 0.54629453125 0.5781708333333333 0.5458825520833333 0.5894069444444444 0.5436841145833333 0.5967351851851852 0.5438216145833333 0.6016203703703704 0.5449205729166666 0.6057726851851852 0.5476687499999999 0.609925