1 0.8277552083333333 0.6812222222222223 0.23586458333333335 0.2513240740740741
1 0.9229895833333334 0.7222222222222222 0.154015625 0.2619074074074074
1 0.7496302083333333 0.5515925925925926 0.16592708333333334 0.17195370370370372
1 0.6298333333333334 0.5277777777777778 0.140625 0.16930555555555554
1 0.61075 0.4267314814814815 0.1105 0.10141666666666667
1 0.5136822916666667 0.4259444444444444 0.09670312499999999 0.13795370370370372
1 0.5173229166666666 0.36062962962962963 0.07896354166666668 0.07553703703703704
1 0.4530052083333333 0.31328703703703703 0.06125 0.06226851851851852
1 0.43526562500000004 0.36074074074074075 0.07110416666666668 0.11071296296296296
1 0.21355208333333334 0.30341666666666667 0.11303125 0.09893518518518518
1 0.25329166666666664 0.27826851851851847 0.09396874999999999 0.08410185185185184
1 0.13653125 0.2866666666666667 0.122640625 0.09812037037037037
1 0.07139583333333334 0.31678703703703703 0.14279687500000002 0.11487037037037037
2 0.06470520833333333 0.26251944444444447 0.068821875 0.26188333333333336 0.07132760416666667 0.2604509259259259 0.06873229166666667 0.2513824074074074 0.06667395833333334 0.2423138888888889 0.064615625 0.24119999999999997 0.061304166666666667 0.24040462962962963 0.05915625 0.24072222222222223 0.056829687499999997 0.24263148148148145 0.056919270833333334 0.24565462962962964 0.058619270833333334 0.25249629629629633 0.05870885416666667 0.25965555555555553 0.059961979166666665 0.26172407407407405 0.06246770833333334 0.2629972222222222
2 0.13773333333333332 0.23976759259259262 0.14140260416666667 0.23929074074074078 0.14292395833333332 0.23817685185185183 0.14068645833333332 0.23038055555555556 0.1392546875 0.2232212962962963 0.13773333333333332 0.22194814814814814 0.13513802083333332 0.22194814814814814 0.13191614583333333 0.22226666666666667 0.13137916666666666 0.22417592592592595 0.13191614583333333 0.22847129629629628 0.13272135416666667 0.23181296296296297 0.13299010416666668 0.23849537037037036 0.13451145833333333 0.2405638888888889
2 0.21407291666666667 0.2590194444444444 0.21810000000000002 0.2580648148148148 0.21980052083333332 0.25726944444444444 0.219353125 0.2537694444444445 0.2187265625 0.25042777777777775 0.21810000000000002 0.24708703703703702 0.217115625 0.24342777777777777 0.21684739583333332 0.24104074074074075 0.21496770833333334 0.23960925925925927 0.2122828125 0.23945 0.2100453125 0.2400861111111111 0.2093296875 0.24247314814814813 0.20950833333333332 0.24565462962962964 0.21013489583333333 0.24883703703703705 0.21022447916666664 0.25536018518518516 0.21183541666666666 0.2582240740740741
2 0.2536296875 0.23929074074074078 0.2555984375 0.23945 0.25819427083333335 0.23865462962962963 0.2590890625 0.23785833333333334 0.257209375 0.23117685185185186 0.25685156249999996 0.2252898148148148 0.2553302083333333 0.2232212962962963 0.25318229166666667 0.2225851851851852 0.2506765625 0.22306203703703706 0.24996041666666666 0.22576666666666667 0.2504078125 0.2299037037037037 0.24942343749999998 0.23610833333333334 0.2504973958333333 0.23849537037037036
2 0.4353052083333333 0.31995555555555555 0.4384375 0.31884166666666663 0.4403171875 0.31756944444444446 0.4381692708333333 0.3088185185185185 0.43799010416666667 0.30134074074074074 0.4368265625 0.3003861111111111 0.4338734375 0.29990925925925926 0.431278125 0.3007046296296296 0.4306515625 0.30372685185185183 0.43100937500000003 0.30913703703703704 0.43020416666666667 0.31581944444444443 0.43100937500000003 0.3183648148148148 0.433515625 0.3204333333333333
2 0.45177239583333334 0.2927490740740741 0.4546364583333334 0.2922722222222222 0.45642604166666667 0.29083981481481486 0.45678437499999996 0.28813518518518516 0.4553520833333333 0.2835212962962963 0.45508385416666663 0.27731666666666666 0.45445729166666665 0.2750888888888889 0.45025104166666663 0.27445277777777777 0.44890885416666665 0.27636203703703704 0.44890885416666665 0.28320277777777775 0.448103125 0.28765833333333335 0.44917708333333334 0.2914759259259259
2 0.5150458333333333 0.33650277777777776 0.5171041666666667 0.33761574074074074 0.5195203125 0.3372981481481481 0.5210416666666666 0.33666111111111113 0.5212208333333334 0.3314111111111111 0.5212208333333334 0.32775185185185185 0.5219369791666667 0.3229787037037037 0.5219369791666667 0.3205925925925926 0.5209526041666667 0.3183648148148148 0.5191625 0.3172509259259259 0.516925 0.3172509259259259 0.5153140625 0.3182055555555555 0.5145984375 0.3252064814814815 0.5129875 0.32870648148148146 0.5125395833333334 0.33125185185185185 0.5135244791666667 0.3345935185185185
2 0.5101234375 0.3800962962962963 0.5121817708333334 0.3812101851851852 0.5150458333333333 0.3804148148148148 0.5172828125 0.3783462962962963 0.5180885416666666 0.37516481481481484 0.5176411458333333 0.3681638888888889 0.518178125 0.3606861111111111 0.51719375 0.3586175925925926 0.5151354166666666 0.35607222222222223 0.5129875 0.3557537037037037 0.5108395833333333 0.3575037037037037 0.5102130208333333 0.36164074074074076 0.5098546875000001 0.3653 0.5077072916666666 0.3713462962962963 0.507259375 0.37500555555555554 0.5084229166666667 0.37802870370370373
2 0.6093739583333334 0.398075 0.6118796875 0.3990296296296296 0.6149223958333334 0.398712037037037 0.6161755208333334 0.39759814814814814 0.6159963541666666 0.3885287037037037 0.6171598958333333 0.38407407407407407 0.6175177083333333 0.3815287037037037 0.6168911458333334 0.3778694444444444 0.6146541666666666 0.3754824074074074 0.6120588541666667 0.37532314814814816 0.6097317708333333 0.37596018518518515 0.6091052083333334 0.3797787037037037 0.6083890625 0.38296018518518515 0.6064203125 0.388687962962963 0.6051677083333333 0.3920296296296296 0.6064203125 0.39473425925925926