1 0.5680442703125 0.5622708333333333 0.8605442703125 0.5622708333333333 0.8605442703125 0.2518773138888889 0.5680442703125 0.2518773138888889 0.5680442703125 0.5622708333333333
1 0.34699609374999996 0.7184027777777777 0.6374570312500001 0.7184027777777777 0.6374570312500001 0.3664768527777778 0.34699609374999996 0.3664768527777778 0.34699609374999996 0.7184027777777777
1 0.325671875 0.4116018527777778 0.54978125 0.4116018527777778 0.54978125 0.20658333333333334 0.325671875 0.20658333333333334 0.325671875 0.4116018527777778
1 0.13052994843750002 0.596050925 0.3495065109375 0.596050925 0.3495065109375 0.29897685277777775 0.13052994843750002 0.29897685277777775 0.13052994843750002 0.596050925
1 0.14100390625 0.3218981472222222 0.3242565109375 0.3218981472222222 0.3242565109375 0.17766666666666667 0.14100390625 0.17766666666666667 0.14100390625 0.3218981472222222
1 0 0.33655324166666667 0.1468333328125 0.33655324166666667 0.1468333328125 0.15103009166666667 0 0.15103009166666667 0 0.33655324166666667
1 0 0.5117407416666666 0.1323958328125 0.5117407416666666 0.1323958328125 0.257074075 0 0.257074075 0 0.5117407416666666
1 0.6598346359375 0.8754050916666666 0.9999986984375001 0.8754050916666666 0.9999986984375001 0.4430671305555555 0.6598346359375 0.4430671305555555 0.6598346359375 0.8754050916666666
2 0.050260417187499996 0.16203703611111112 0.051652864062500005 0.17617870277777778 0.0529223953125 0.18012824166666666 0.056334114062499996 0.18041064722222222 0.061094792187500004 0.17914120277777776 0.0649828125 0.1756148138888889 0.0680770828125 0.1726523138888889 0.0680770828125 0.16870277777777776 0.0625229171875 0.15699536944444445 0.0606981765625 0.14881388888888888 0.058333332812500006 0.14398148055555557 0.0557291671875 0.14351851944444444 0.0484375 0.1476851861111111 0.04765625 0.1523148138888889 0.050260417187499996 0.16203703611111112
2 0.013623437499999998 0.2645101861111111 0.0171875 0.2791666666666667 0.0182291671875 0.29305555555555557 0.0208333328125 0.2976851861111111 0.0252033859375 0.2998013888888889 0.0302635421875 0.2982444444444444 0.0355182296875 0.2930546305555556 0.0384375 0.28942175833333333 0.039410676562500004 0.2850967583333333 0.0321122390625 0.27143009166666665 0.02919296875 0.2612236111111111 0.0278307296875 0.2565523138888889 0.02578125 0.25555555555555554 0.0209216140625 0.2558606472222222 0.0161533859375 0.25914722222222225 0.014401823437499999 0.2617425916666667 0.013623437499999998 0.2645101861111111
2 0.21155208281250001 0.19167916666666665 0.21155208281250001 0.20776759166666667 0.21408203124999997 0.21105463055555557 0.21865572968749997 0.21191944444444444 0.2241049484375 0.2094976861111111 0.22955442656249997 0.20551898055555556 0.23013828125 0.19911805555555556 0.2249807296875 0.18510509166666667 0.22291666718749997 0.175 0.2203125 0.17083333333333334 0.21640625 0.17037036944444445 0.2125 0.17175925833333333 0.20970312500000002 0.1747254638888889 0.209021875 0.1788773138888889 0.21155208281250001 0.19167916666666665
2 0.2127197921875 0.3278268527777778 0.21310911406250002 0.34062824166666666 0.2137901046875 0.349624075 0.21787708281249998 0.3529111111111111 0.2244942703125 0.3523921305555555 0.22945703125 0.3491050916666667 0.23441979218750003 0.3437421305555556 0.2350036453125 0.34028240833333334 0.23227916718750002 0.3288648138888889 0.2289705734375 0.32090694444444445 0.2260416671875 0.30740740833333335 0.2246888015625 0.3023962972222222 0.22109375 0.30231481388888887 0.2171875 0.30277777777777776 0.2125 0.30601851944444447 0.20960572968750002 0.31018101944444443 0.20989765624999998 0.31416018611111113 0.2127197921875 0.3278268527777778
2 0.4148328125 0.21088148055555556 0.4181411453125 0.2274893527777778 0.4182385421875 0.2456537027777778 0.42057395781249995 0.248075925 0.42436901093749996 0.24894074166666666 0.42981848906250003 0.2468648138888889 0.43419739531249996 0.2430587972222222 0.43723958281249997 0.2379629638888889 0.4381872390625 0.23371713055555554 0.43671875 0.23009259166666665 0.4342947921875 0.22351018611111112 0.43195937500000003 0.2178013888888889 0.4296239578125 0.20551898055555556 0.4282614578125 0.20205879722222223 0.42446640625 0.20032916666666667 0.4192708328125 0.20277777777777778 0.41588541718750005 0.20648148055555554 0.41484375 0.2092592583333333 0.4148328125 0.21088148055555556
2 0.46601770781249996 0.42297453611111113 0.46689348906249994 0.4271263888888889 0.47146718749999994 0.4319699083333333 0.47623541718749995 0.43370000000000003 0.483728125 0.4317972222222222 0.48888567656250004 0.4269532416666667 0.49199947968749996 0.4212444444444444 0.49219427031249996 0.4165736111111111 0.4873286453125 0.39892777777777777 0.4855770828125 0.3797254638888889 0.4849932296875 0.3762652777777778 0.48229166718750005 0.3736111111111111 0.4780841140625 0.3726324083333334 0.47370520781250003 0.3734976861111111 0.4700520828125 0.37592592500000005 0.46770833281249996 0.37962963055555554 0.4671875 0.38287036944444447 0.468353125 0.40238796388888887 0.46601770781249996 0.42297453611111113
2 0.6955729171875 0.2916666666666667 0.6945484375000001 0.29710138888888893 0.6948182296875001 0.29917916666666666 0.697065625 0.30253518611111113 0.7000322921875 0.30509213055555556 0.7037182296875 0.30653055555555553 0.7092018234374999 0.3063708333333333 0.71328125 0.30509259166666663 0.7169270828125 0.3013888888888889 0.7196299484375 0.29662222222222223 0.7193601562499999 0.2915078694444444 0.7159442703125001 0.27488657499999997 0.7158541671875 0.2569870361111111 0.7151041671875 0.25509259166666665 0.7127604171875 0.2518518527777778 0.7083028640625 0.25075416666666667 0.7036458328124999 0.2513888888888889 0.69921875 0.25462963055555554 0.6978747390625 0.2566675916666667 0.6977848953125 0.26162175833333334 0.6975151046875 0.2779231472222222 0.6955729171875 0.2916666666666667
2 0.8318221359375 0.5154124999999999 0.8321817703125 0.5205268527777778 0.8347888015624999 0.5254810194444445 0.8382947921874999 0.5283578694444444 0.8471945312500001 0.5305953694444444 0.8540268234375 0.5299560194444445 0.8597802078125 0.5278787027777778 0.863915625 0.5224444444444445 0.86553359375 0.5178097222222222 0.8649044265624999 0.5131749999999999 0.8604994796875 0.492399075 0.8596903640625 0.4652300916666667 0.8578026046874999 0.4629925916666667 0.8533854171874999 0.46064814722222225 0.8463854171875 0.45947638888888886 0.8411458328125001 0.461574075 0.83671875 0.4662037027777778 0.8357776046875 0.4676273138888889 0.8354166671875 0.47314814722222226 0.8361372390625 0.492399075 0.8318221359375 0.5154124999999999