1 0.18961458281250002 0.8195231472222222 0.3576041671875 0.8195231472222222 0.3576041671875 0.6345879638888888 0.18961458281250002 0.6345879638888888 0.18961458281250002 0.8195231472222222
1 0.3069088546875 0.9087685194444445 0.4613411453125 0.9087685194444445 0.4613411453125 0.7041388888888889 0.3069088546875 0.7041388888888889 0.3069088546875 0.9087685194444445
1 0.3717578125 0.7292314805555555 0.4882109375 0.7292314805555555 0.4882109375 0.5983240750000001 0.3717578125 0.5983240750000001 0.3717578125 0.7292314805555555
1 0.473140625 0.8111157416666667 0.5794947921875 0.8111157416666667 0.5794947921875 0.6532546305555555 0.473140625 0.6532546305555555 0.473140625 0.8111157416666667
1 0.49166406250000005 0.6709861111111112 0.5780442703124999 0.6709861111111112 0.5780442703124999 0.5720694444444444 0.49166406250000005 0.5720694444444444 0.49166406250000005 0.6709861111111112
1 0.5766354171875 0.7566111111111111 0.65996875 0.7566111111111111 0.65996875 0.6243333333333333 0.5766354171875 0.6243333333333333 0.5766354171875 0.7566111111111111
1 0.5811015625 0.6388842583333333 0.6480651046875 0.6388842583333333 0.6480651046875 0.5595231472222223 0.5811015625 0.5595231472222223 0.5811015625 0.6388842583333333
1 0.6502994796875 0.7089907416666666 0.7224713546875 0.7089907416666666 0.7224713546875 0.5912685194444444 0.6502994796875 0.5912685194444444 0.6502994796875 0.7089907416666666
1 0.6458307296875 0.6097870361111112 0.7053567703125 0.6097870361111112 0.7053567703125 0.5383611111111111 0.6458307296875 0.5383611111111111 0.6458307296875 0.6097870361111112
1 0.7083333328125 0.6746018527777777 0.7745520828125 0.6746018527777777 0.7745520828125 0.57275 0.7083333328125 0.57275 0.7083333328125 0.6746018527777777
1 0.7038697921875 0.5925879638888889 0.7574427078125 0.5925879638888889 0.7574427078125 0.5198379638888889 0.7038697921875 0.5198379638888889 0.7038697921875 0.5925879638888889
1 0.759671875 0.6362407416666667 0.8221718750000001 0.6362407416666667 0.8221718750000001 0.5462962972222222 0.759671875 0.5462962972222222 0.759671875 0.6362407416666667
2 0.28816041718749996 0.6727888888888889 0.2893708328125 0.6698101861111111 0.2899291671875 0.6666666666666666 0.2867645828125 0.6597166666666666 0.2859270828125 0.6514435194444445 0.2848098953125 0.6489611111111111 0.2828552078125 0.6476379638888888 0.2791322921875 0.6478027777777778 0.27708489531249997 0.6494574083333333 0.2751302078125 0.6532638888888889 0.2748510421875 0.6570694444444444 0.2759677078125 0.66435 0.27494375 0.6698101861111111 0.27494375 0.6732851861111111 0.2765260421875 0.6762629638888888 0.2818317703125 0.6772564805555555 0.2858338546875 0.6756018527777777 0.28816041718749996 0.6727888888888889
2 0.3856104171875 0.7467518527777778 0.3859828125 0.7520472222222223 0.3872859375 0.754860186111111 0.38998489531249997 0.7575074083333334 0.39221875 0.7585 0.39547656249999996 0.7576731472222222 0.39826875 0.754860186111111 0.3996645828125 0.7503925916666666 0.39994375 0.7464212972222222 0.3983614578125 0.7406296305555555 0.3988270828125 0.7328527777777778 0.3983614578125 0.7293787027777777 0.3958484375 0.7259037027777778 0.3929635421875 0.7252416666666667 0.38979895781249996 0.7272268527777778 0.388309375 0.7308675916666666 0.3880302078125 0.738975 0.3856104171875 0.7467518527777778
2 0.4383838546875 0.6305944444444445 0.44043177031249997 0.6292703694444444 0.4402453125 0.620500925 0.4415484375 0.6135518527777778 0.44182760468750004 0.6120620361111111 0.4410833328125 0.6102416666666667 0.439221875 0.6077601861111112 0.4368015625 0.6069324083333333 0.4345677078125 0.6074287027777777 0.4326135421875 0.616199075 0.43047239531250003 0.6213287027777779 0.4298208328125 0.6241416666666667 0.4303796875 0.6266231472222222 0.4335442703125 0.6300981472222222 0.4356848953125 0.6310907416666667 0.4383838546875 0.6305944444444445
2 0.5343442703125 0.6911555555555555 0.5366713546875 0.6901629638888889 0.5376953125 0.6885083333333333 0.5381604171875 0.686025925 0.5377880203125 0.6804 0.5390911453125 0.6760981472222222 0.5395567703124999 0.6727888888888889 0.5392776046875001 0.6696444444444445 0.5376020828125 0.666500925 0.5355541671874999 0.6651768527777777 0.5327619796875 0.6645148138888889 0.5313661453125 0.6674935194444445 0.5302489578125 0.6732851861111111 0.5284807296875 0.6760981472222222 0.5273640625 0.678911111111111 0.5271776046875 0.6822203694444444 0.5278291671875001 0.6851981472222223 0.5298770828125 0.6891694444444444 0.5319244796875 0.6909898138888889 0.5343442703125 0.6911555555555555
2 0.54393125 0.5956805555555555 0.54476875 0.5938611111111111 0.5445828125000001 0.5877388888888889 0.5457927078125 0.5817814805555556 0.5456994796875 0.5797962972222221 0.5443963546874999 0.5779759250000001 0.5427213546874999 0.5764870361111112 0.5403942703125 0.5764870361111112 0.5388119796875 0.5776453694444444 0.5382536453125 0.5829398138888888 0.5360197921875 0.5885657416666666 0.5359265625 0.5913787027777778 0.5369505203125 0.594025925 0.5392776046875001 0.5961777777777778 0.5414182296875001 0.5968388888888889 0.54393125 0.5956805555555555