1 0.7098229171875 0.8068842583333334 0.9456875 0.8068842583333334 0.9456875 0.5555601861111111 0.7098229171875 0.5555601861111111 0.7098229171875 0.8068842583333334
1 0.8459817703124999 0.853175925 0.9999973953125 0.853175925 0.9999973953125 0.5912685194444444 0.8459817703124999 0.5912685194444444 0.8459817703124999 0.853175925
1 0.6666666671875 0.6375694444444444 0.83259375 0.6375694444444444 0.83259375 0.4656157416666667 0.6666666671875 0.4656157416666667 0.6666666671875 0.6375694444444444
1 0.5595208328125 0.6124305555555556 0.7001458328125 0.6124305555555556 0.7001458328125 0.443125 0.5595208328125 0.443125 0.5595208328125 0.6124305555555556
1 0.5555 0.4774398138888889 0.666 0.4774398138888889 0.666 0.37602314722222224 0.5555 0.37602314722222224 0.5555 0.4774398138888889
1 0.4653307296875 0.4949212972222223 0.5620338546875 0.4949212972222223 0.5620338546875 0.35696759166666664 0.4653307296875 0.35696759166666664 0.4653307296875 0.4949212972222223
1 0.4778411453125 0.3983981472222223 0.5568046875 0.3983981472222223 0.5568046875 0.3228611111111111 0.4778411453125 0.3228611111111111 0.4778411453125 0.3983981472222223
1 0.42238020781249996 0.34442129722222226 0.4836302078125 0.34442129722222226 0.4836302078125 0.2821527777777778 0.42238020781249996 0.2821527777777778 0.42238020781249996 0.34442129722222226
1 0.3997135421875 0.4160972222222222 0.4708177078125 0.4160972222222222 0.4708177078125 0.3053842583333333 0.3997135421875 0.3053842583333333 0.3997135421875 0.4160972222222222
1 0.1570364578125 0.3528842583333333 0.2700677078125 0.3528842583333333 0.2700677078125 0.253949075 0.1570364578125 0.253949075 0.1570364578125 0.3528842583333333
1 0.2063072921875 0.32031944444444443 0.30027604218750004 0.32031944444444443 0.30027604218750004 0.23621759166666664 0.2063072921875 0.23621759166666664 0.2063072921875 0.32031944444444443
1 0.07521093749999999 0.33572685277777775 0.1978515625 0.33572685277777775 0.1978515625 0.23760648055555553 0.07521093749999999 0.23760648055555553 0.07521093749999999 0.33572685277777775
1 0 0.37422222222222223 0.1427942703125 0.37422222222222223 0.1427942703125 0.2593518527777778 0 0.2593518527777778 0 0.37422222222222223
2 0.0713276046875 0.260450925 0.0687322921875 0.25138240833333336 0.06667395781249999 0.2423138888888889 0.064615625 0.24119999999999997 0.0613041671875 0.24040463055555555 0.05915625 0.24072222222222223 0.0568296875 0.24263148055555558 0.056919270312500006 0.24565463055555553 0.058619270312500006 0.2524962972222222 0.0587088546875 0.25965555555555553 0.0599619796875 0.261724075 0.062467707812499995 0.2629972222222222 0.0647052078125 0.26251944444444447 0.068821875 0.26188333333333336 0.0713276046875 0.260450925
2 0.1429239578125 0.23817685277777778 0.1406864578125 0.23038055555555556 0.1392546875 0.22322129722222223 0.1377333328125 0.2219481472222222 0.1351380203125 0.2219481472222222 0.1319161453125 0.22226666666666667 0.1313791671875 0.224175925 0.1319161453125 0.22847129722222223 0.1327213546875 0.2318129638888889 0.1329901046875 0.23849536944444444 0.1345114578125 0.24056388888888888 0.1377333328125 0.23976759166666667 0.14140260468750002 0.23929074166666667 0.1429239578125 0.23817685277777778
2 0.21980052031250003 0.25726944444444444 0.21935312499999998 0.25376944444444444 0.21872656250000003 0.25042777777777775 0.21810000000000002 0.24708703611111113 0.217115625 0.24342777777777777 0.2168473953125 0.24104074166666664 0.2149677078125 0.23960925833333332 0.21228281249999997 0.23945 0.2100453125 0.2400861111111111 0.2093296875 0.24247314722222224 0.20950833281249998 0.24565463055555553 0.21013489531250001 0.2488370361111111 0.2102244796875 0.2553601861111111 0.2118354171875 0.258224075 0.2140729171875 0.25901944444444447 0.21810000000000002 0.2580648138888889 0.21980052031250003 0.25726944444444444
2 0.25819427031250003 0.23865463055555555 0.2590890625 0.23785833333333334 0.257209375 0.2311768527777778 0.25685156249999996 0.22528981388888888 0.25533020781250004 0.22322129722222223 0.2531822921875 0.2225851861111111 0.2506765625 0.2230620361111111 0.2499604171875 0.22576666666666664 0.2504078125 0.22990370277777777 0.2494234375 0.2361083333333333 0.2504973953125 0.23849536944444444 0.25362968750000003 0.23929074166666667 0.2555984375 0.23945 0.25819427031250003 0.23865463055555555
2 0.4403171875 0.31756944444444446 0.4381692703125 0.30881851944444444 0.4379901046875 0.3013407416666667 0.4368265625 0.3003861111111111 0.43387343749999996 0.2999092583333333 0.43127812499999996 0.3007046305555555 0.43065156250000003 0.3037268527777778 0.43100937500000003 0.3091370361111111 0.4302041671875 0.31581944444444443 0.43100937500000003 0.3183648138888889 0.43351562499999996 0.3204333333333333 0.4353052078125 0.31995555555555555 0.43843750000000004 0.3188416666666667 0.4403171875 0.31756944444444446
2 0.4564260421875 0.29083981388888885 0.45678437499999996 0.2881351861111111 0.45535208281250006 0.28352129722222225 0.4550838546875 0.27731666666666666 0.4544572921875 0.2750888888888889 0.4502510421875 0.27445277777777777 0.4489088546875 0.27636203611111115 0.4489088546875 0.2832027777777778 0.448103125 0.28765833333333335 0.4491770828125 0.29147592499999997 0.4517723953125 0.292749075 0.4546364578125 0.2922722222222222 0.4564260421875 0.29083981388888885
2 0.5195203125 0.33729814722222223 0.5210416671875 0.3366611111111111 0.5212208328125 0.33141111111111116 0.5212208328125 0.3277518527777778 0.5219369796875 0.3229787027777778 0.5219369796875 0.32059259166666665 0.5209526046875 0.3183648138888889 0.5191625 0.317250925 0.516925 0.317250925 0.5153140625 0.3182055555555556 0.5145984375 0.32520648055555557 0.5129875 0.32870648055555557 0.5125395828125 0.3312518527777778 0.5135244796875 0.33459351944444443 0.5150458328124999 0.3365027777777778 0.5171041671875 0.3376157416666667 0.5195203125 0.33729814722222223
2 0.5150458328124999 0.38041481388888887 0.5172828125 0.37834629722222224 0.5180885421875 0.3751648138888889 0.5176411453124999 0.36816388888888885 0.518178125 0.36068611111111115 0.51719375 0.3586175916666666 0.5151354171875 0.35607222222222223 0.5129875 0.3557537027777778 0.5108395828125001 0.35750370277777777 0.5102130203125 0.36164074166666665 0.5098546875000001 0.3653 0.5077072921875 0.3713462972222222 0.5072593750000001 0.3750055555555556 0.5084229171875 0.3780287027777777 0.5101234375 0.3800962972222222 0.5121817703125 0.3812101861111111 0.5150458328124999 0.38041481388888887
2 0.6149223953125 0.39871203611111117 0.6161755203125 0.39759814722222225 0.6159963546875 0.38852870277777773 0.6171598953124999 0.384074075 0.6175177078125 0.3815287027777778 0.6168911453125 0.3778694444444444 0.6146541671875 0.3754824083333333 0.6120588546875 0.3753231472222222 0.6097317703125 0.3759601861111111 0.6091052078125 0.3797787027777778 0.6083890625 0.3829601861111111 0.6064203125 0.38868796388888893 0.6051677078125001 0.3920296305555555 0.6064203125 0.3947342583333333 0.6093739578124999 0.39807499999999996 0.6118796875 0.39902963055555557 0.6149223953125 0.39871203611111117