1 0.6822916666666666 0.7870370370370371 0.18303645833333335 0.2222222222222222
1 0.829984375 0.7665277777777778 0.22247395833333333 0.21825
1 0.8962083333333334 0.9173240740740741 0.20758854166666665 0.1653425925925926
1 0.6450885416666666 0.6289722222222222 0.13541666666666666 0.15212037037037035
1 0.533109375 0.6507962962962963 0.115328125 0.1587314814814815
1 0.5301302083333334 0.5383611111111111 0.08854166666666667 0.09523148148148147
1 0.44159375 0.568787037037037 0.08109895833333333 0.11904629629629629
1 0.45646875 0.4966944444444444 0.06621875 0.08862962962962963
1 0.2514895833333333 0.5066111111111111 0.09375 0.09523148148148147
1 0.21465625 0.5720925925925926 0.115328125 0.12830555555555556
1 0.13578645833333333 0.5780462962962962 0.12723437499999998 0.11639814814814814
1 0.07142708333333332 0.6699722222222223 0.14285416666666664 0.14946296296296296
2 0.0556609375 0.6309435185185185 0.05951822916666667 0.6314333333333333 0.06351354166666666 0.6284944444444445 0.06668281250000001 0.6255546296296297 0.06806041666666666 0.623350925925926 0.06806041666666666 0.6204111111111111 0.0636515625 0.6152675925925927 0.061033854166666665 0.607675 0.05938072916666667 0.6059601851851852 0.0557984375 0.6066953703703704 0.05221614583333333 0.6098796296296296 0.05056302083333333 0.6137981481481481 0.051389583333333336 0.6167370370370371 0.05359427083333333 0.6231055555555555 0.05386979166666667 0.6289842592592593
2 0.1311609375 0.5464425925925926 0.13460520833333334 0.5454620370370371 0.1381875 0.5435027777777778 0.13928958333333333 0.5403185185185185 0.13901406249999998 0.5378694444444444 0.13694739583333335 0.5349305555555556 0.13405416666666667 0.5270925925925926 0.132125 0.5266027777777778 0.12909427083333333 0.5278277777777778 0.12661406249999999 0.5302768518518518 0.12633854166666666 0.5334611111111112 0.1281296875 0.5383592592592592 0.12854322916666666 0.5447277777777778 0.12950729166666666 0.546687037037037
2 0.2074875 0.5381148148148148 0.2096921875 0.5386046296296296 0.21244739583333333 0.5364 0.21492760416666667 0.5344407407407408 0.21575416666666666 0.5324814814814816 0.21575416666666666 0.5300314814814815 0.2129984375 0.5253777777777778 0.2114828125 0.5204796296296297 0.2098296875 0.5185203703703704 0.2081765625 0.5175398148148148 0.20624739583333335 0.5185203703703704 0.20445677083333333 0.5207240740740741 0.2036296875 0.5239083333333333 0.2051453125 0.5295416666666667 0.2048697916666667 0.5359101851851852
2 0.24854427083333333 0.4798203703703704 0.251575 0.4785962962962963 0.25405520833333334 0.4768814814814815 0.25460625 0.4739425925925926 0.2522640625 0.46928888888888887 0.25088645833333334 0.4639 0.249784375 0.46267592592592593 0.2474421875 0.46243055555555557 0.2452375 0.4634101851851852 0.2442734375 0.4661046296296296 0.2452375 0.4710037037037037 0.24509999999999998 0.4768814814814815 0.24606406249999999 0.4788407407407408
2 0.45355208333333336 0.4665944444444445 0.45561822916666667 0.46536944444444445 0.4569963541666667 0.4634101851851852 0.457271875 0.46120555555555554 0.45603177083333335 0.45606203703703707 0.45589427083333334 0.4523888888888889 0.4545161458333334 0.44822500000000004 0.45189843749999997 0.4479796296296296 0.44928072916666667 0.4489592592592592 0.4485921875 0.45312314814814814 0.44941875000000003 0.458512037037037 0.44900520833333335 0.46292037037037037 0.44983177083333337 0.46512499999999996 0.45217395833333335 0.4670842592592593
2 0.43867239583333334 0.5307666666666666 0.44184114583333334 0.5283175925925926 0.4429432291666667 0.5263574074074074 0.44335677083333336 0.5226833333333334 0.44087656249999996 0.5168055555555555 0.44005 0.511662037037037 0.4394989583333333 0.5094574074074074 0.4374322916666667 0.5084777777777777 0.4350901041666667 0.5089675925925925 0.4332989583333333 0.5109268518518519 0.4324723958333333 0.5138666666666667 0.4332989583333333 0.5192546296296295 0.43357447916666664 0.5246435185185185 0.43426354166666664 0.5278277777777778 0.4359166666666667 0.5302768518518518
2 0.526571875 0.5158259259259259 0.5286385416666667 0.5158259259259259 0.5305677083333333 0.5138666666666667 0.5313942708333333 0.5106824074074074 0.5313942708333333 0.5074981481481481 0.5302921875 0.5040694444444445 0.5300166666666667 0.49892500000000006 0.5290520833333333 0.49598611111111107 0.5272609375 0.493537037037037 0.5256078125 0.493537037037037 0.5238166666666666 0.4942712962962963 0.5221635416666667 0.4974555555555555 0.5225765625 0.5057833333333334 0.5221635416666667 0.5114166666666667 0.523265625 0.5148462962962963
2 0.523265625 0.5927342592592593 0.5223010416666667 0.5861212962962963 0.5224390624999999 0.5822018518518519 0.52478125 0.5795083333333334 0.5282255208333333 0.5785277777777778 0.5307052083333333 0.5802425925925926 0.5322208333333334 0.5888157407407408 0.5324963541666666 0.5922444444444445 0.5337364583333333 0.5964083333333333 0.5333229166666666 0.6003268518518519 0.5313942708333333 0.6040009259259259 0.5286385416666667 0.6054703703703704 0.5260208333333334 0.6059601851851852 0.523403125 0.6042462962962963 0.5224390624999999 0.6000824074074075
2 0.6377557291666667 0.5858759259259259 0.6414755208333334 0.5856314814814815 0.6447822916666667 0.5839166666666666 0.6456088541666667 0.5802425925925926 0.64436875 0.5743638888888889 0.64436875 0.5630972222222222 0.6429911458333333 0.5604027777777778 0.6403734375 0.5594231481481482 0.6377557291666667 0.5594231481481482 0.6355510416666666 0.5608935185185185 0.635 0.5650564814814815 0.635 0.5697101851851852 0.6327958333333333 0.5787731481481482 0.6334848958333333 0.5824472222222222