1 0.834078125 0.5595277777777777 0.16517708333333334 0.1587314814814815
1 0.9367552083333333 0.692462962962963 0.12648958333333335 0.21561111111111111
1 0.7224687500000001 0.6732777777777778 0.174109375 0.17725000000000002
1 0.6328125 0.5608425925925926 0.134671875 0.14814814814814814
1 0.5550572916666667 0.6468240740740742 0.13988020833333334 0.16666666666666666
1 0.5 0.5509259259259259 0.11458333333333333 0.13360185185185183
1 0.4192708333333333 0.6421944444444445 0.12128125000000001 0.14947222222222223
1 0.38693229166666665 0.5405092592592593 0.10154166666666667 0.12607407407407406
1 0.30101041666666667 0.6251296296296296 0.10648437499999999 0.14092592592592593
1 0.28866145833333334 0.5295555555555556 0.091125 0.10130555555555555
1 0.20241145833333332 0.52175 0.08529687500000001 0.08547222222222223
1 0.20077083333333334 0.6134166666666667 0.09809375000000001 0.12966666666666665
2 0.1968875 0.5057592592592592 0.19921041666666667 0.5028342592592593 0.19988802083333335 0.5000805555555555 0.19940416666666666 0.4976712962962963 0.19620989583333334 0.4944018518518518 0.19243489583333334 0.48889537037037034 0.19040208333333333 0.48872314814814816 0.18846614583333335 0.4902722222222223 0.1867234375 0.49388611111111114 0.1871109375 0.4969833333333333 0.19040208333333333 0.5018018518518519 0.19224114583333335 0.5054157407407408 0.19388645833333334 0.5074805555555555
2 0.1931125 0.589049074074074 0.19611302083333332 0.5866398148148149 0.19843645833333332 0.5838861111111111 0.19930729166666666 0.579412037037037 0.19708125 0.5768305555555555 0.19369322916666668 0.5745935185185186 0.19127291666666668 0.5696037037037037 0.18972447916666668 0.5683990740740741 0.1870140625 0.5690870370370371 0.185175 0.571324074074074 0.18362604166666668 0.5744222222222222 0.18381979166666668 0.577175 0.18720781250000001 0.5826814814814816 0.18798177083333334 0.5852629629629629 0.18933697916666667 0.5881888888888889 0.1906921875 0.5897370370370371
2 0.27994010416666665 0.5116101851851852 0.2829411458333333 0.510062037037037 0.28468333333333334 0.5083407407407408 0.28487708333333334 0.5057592592592592 0.28361875 0.5011129629629629 0.2829411458333333 0.4969833333333333 0.2821666666666667 0.49336944444444447 0.28090833333333337 0.4919925925925926 0.27945625 0.4913046296296297 0.27752031250000003 0.4919925925925926 0.27635885416666667 0.49354166666666666 0.27519739583333336 0.49577870370370375 0.27519739583333336 0.49818796296296297 0.27626197916666667 0.5023175925925927 0.2761651041666667 0.5066203703703703 0.27645572916666666 0.510062037037037 0.27810104166666666 0.5114388888888889
2 0.29262083333333333 0.5990296296296296 0.2948473958333333 0.5990296296296296 0.29736406249999997 0.597137037037037 0.29900937499999997 0.5950722222222222 0.2999776041666667 0.5928351851851852 0.3002677083333333 0.5905981481481481 0.2987192708333334 0.5861231481481481 0.29697656250000004 0.5831981481481482 0.29494375 0.577175 0.2940729166666667 0.5754546296296296 0.2921369791666667 0.5751101851851852 0.29049114583333335 0.5754546296296296 0.28845833333333337 0.5773472222222222 0.287296875 0.5804444444444444 0.287296875 0.5831981481481482 0.2892328125 0.5887046296296297 0.2897166666666667 0.5909416666666667 0.2897166666666667 0.5928351851851852 0.29020104166666666 0.5962768518518519
2 0.3790614583333333 0.5133314814814816 0.381578125 0.5138472222222222 0.38438541666666665 0.5124712962962964 0.38535364583333337 0.5109222222222223 0.385934375 0.5073083333333334 0.38486927083333333 0.502662037037037 0.38380468749999996 0.5009416666666667 0.3835140625 0.4962944444444445 0.38283645833333335 0.4937138888888889 0.38148177083333334 0.49216481481481483 0.37944895833333336 0.4919925925925926 0.37770625 0.49285277777777775 0.3763510416666667 0.4947462962962963 0.3759640625 0.4973277777777778 0.3763510416666667 0.502662037037037 0.37644791666666666 0.5061037037037037 0.37644791666666666 0.5086851851851851 0.3769317708333333 0.5116101851851852