1 0.1302135421875 0.8611157416666667 0.2939010421875 0.8611157416666667 0.2939010421875 0.6653472222222222 0.1302135421875 0.6653472222222222 0.1302135421875 0.8611157416666667
1 0.3392838546875 1 0.3392838546875 0.8055555555555556 0.1383932296875 0.8055555555555556 0.1383932296875 1 0.3392838546875 1
1 0.2983619796875 0.8743333333333333 0.4553567703125 0.8743333333333333 0.4553567703125 0.675925925 0.2983619796875 0.675925925 0.2983619796875 0.8743333333333333
1 0.5461302078125 1 0.5461302078125 0.8134953694444444 0.353421875 0.8134953694444444 0.353421875 1 0.5461302078125 1
1 0.4672604171875 0.8809537027777777 0.6272291671875 0.8809537027777777 0.6272291671875 0.6785648138888889 0.4672604171875 0.6785648138888889 0.4672604171875 0.8809537027777777
1 0.7641380203125 1 0.7641380203125 0.8320185194444444 0.5602682296875 0.8320185194444444 0.5602682296875 1 0.7641380203125 1
1 0.6391380203125 0.8981527777777777 0.8050598953125 0.8981527777777777 0.8050598953125 0.6904768527777777 0.6391380203125 0.6904768527777777 0.6391380203125 0.8981527777777777
1 0.7686015625 0.9999953694444444 0.9895859375 0.9999953694444444 0.9895859375 0.8280416666666668 0.7686015625 0.8280416666666668 0.7686015625 0.9999953694444444
1 0.8124973953125 0.9100555555555556 0.9903255203124999 0.9100555555555556 0.9903255203124999 0.6997407416666667 0.8124973953125 0.6997407416666667 0.8124973953125 0.9100555555555556
2 0.2051234375 0.6984611111111111 0.2019911453125 0.6984611111111111 0.20055885468749998 0.6990981472222222 0.1991270828125 0.7005296305555555 0.19706875 0.7032342583333333 0.195815625 0.7068935194444445 0.1959947921875 0.7115074083333334 0.1986796875 0.7178722222222222 0.1992166671875 0.7212129638888889 0.1999328125 0.7263046305555556 0.20154375 0.7283731472222222 0.2052130203125 0.7285314805555556 0.20986666718749997 0.7266222222222223 0.21219322968749998 0.7232814805555555 0.2140729171875 0.7180314805555555 0.2142520828125 0.7150083333333334 0.2104036453125 0.7089620361111112 0.2091505203125 0.7062574083333334 0.206734375 0.7008481472222222 0.2051234375 0.6984611111111111
2 0.23859479218750002 0.9049768527777778 0.2412796875 0.8997268527777778 0.24333802031250001 0.8946351861111111 0.24378541718750002 0.8897027777777778 0.24369583281249999 0.8862027777777778 0.24208489531250002 0.8809527777777777 0.2402947921875 0.8780888888888889 0.2377890625 0.8772925916666666 0.23483593749999998 0.8706101861111111 0.2335828125 0.8682240750000001 0.2313453125 0.8674287027777778 0.2285708328125 0.8683833333333333 0.2266020828125 0.8702925916666667 0.2243645828125 0.8731564805555556 0.2220380203125 0.8779296305555555 0.2209640625 0.882225 0.22150104218750002 0.8877935194444444 0.22472291718749998 0.8947944444444443 0.2244541671875 0.9000444444444445 0.2249015625 0.9045 0.2272286453125 0.9078407416666667 0.2308979171875 0.9091138888888889 0.23465677031249998 0.9084768527777778 0.23859479218750002 0.9049768527777778
2 0.3779390625 0.737760186111111 0.3799973953125 0.7342592583333333 0.38107135468750003 0.7307592583333333 0.38098177031249997 0.7264638888888888 0.3797286453125 0.7229629638888888 0.37883385468749997 0.7202583333333333 0.3787442703125 0.713575925 0.37820729218750004 0.7107120361111111 0.3761489578125 0.7078481472222222 0.3745380203125 0.7073712972222223 0.3727479171875 0.7075305555555556 0.37104791718749996 0.7084851861111111 0.3697947921875 0.7102351861111111 0.36827343749999997 0.7124620361111111 0.3681838546875 0.7169175916666666 0.36827343749999997 0.7216907416666667 0.3681838546875 0.7250314805555556 0.3674479171875 0.7282407416666667 0.366875 0.7317592583333333 0.3669307296875 0.7334638888888889 0.36827343749999997 0.7361685194444445 0.3697052078125 0.7383962972222223 0.37292708281250003 0.7398277777777779 0.3761489578125 0.7396694444444445 0.3779390625 0.737760186111111
2 0.4528703125 0.917360186111111 0.4551229171875 0.913499075 0.4567317703125 0.9097805555555556 0.4571338546875 0.9054907416666668 0.45737500000000003 0.9019157416666667 0.4575359375 0.8983407416666667 0.45616874999999996 0.8946222222222223 0.4543182296875 0.8911907416666667 0.4529510421875 0.8893314805555556 0.45182500000000003 0.8847555555555555 0.4503770828125 0.8820379638888889 0.4482052078125 0.8798935194444444 0.4457114578125 0.8801796305555556 0.44410260468749996 0.8810370361111112 0.4421723953125 0.883325 0.4407244796875 0.8871861111111111 0.44008072968749995 0.8906185194444444 0.44016093749999996 0.8957666666666667 0.44104583281250004 0.9009148138888889 0.4405635421875 0.9030592583333333 0.44008072968749995 0.9067777777777778 0.44016093749999996 0.910210186111111 0.44152864531249997 0.913499075 0.44329843750000003 0.9165018527777778 0.44643541718749996 0.9195046305555555 0.44957239531250004 0.9190759249999999 0.4528703125 0.917360186111111
2 0.5511666671875 0.7424685194444444 0.553740625 0.7404657416666666 0.5543036453125 0.7376055555555556 0.5543036453125 0.7336018527777779 0.5536604171875 0.7291685194444445 0.5545453124999999 0.7223046305555556 0.55470625 0.7177287027777778 0.5539822921875001 0.7152972222222223 0.552534375 0.7125805555555556 0.5508447921874999 0.7112935194444445 0.5490755203125001 0.7110074083333333 0.547225 0.7111509250000001 0.5456166671875 0.7125805555555556 0.5445708328125 0.7154407416666667 0.5436057296875 0.7230194444444444 0.5431229171874999 0.725450925 0.5414338546875 0.7278814805555556 0.5403880203125 0.7300268527777778 0.5405489578125 0.7334592583333334 0.5415140625 0.736462036111111 0.5428010421875 0.7384638888888888 0.5436859375 0.7404657416666666 0.5456166671875 0.7420388888888889 0.5480296874999999 0.7427537027777777 0.5511666671875 0.7424685194444444