1 0.2859166666666667 0.2525046296296296 0.2501328125 0.269837962962963
1 0.4333776041666667 0.38522222222222224 0.2724895833333333 0.3088796296296296
1 0.550453125 0.25540277777777776 0.22791145833333332 0.2598796296296296
1 0.7204869791666667 0.3744166666666667 0.24479166666666666 0.29036111111111107
1 0.7828802083333334 0.21176851851851852 0.2076875 0.16150925925925927
1 0.9266276041666667 0.37951851851851853 0.14674479166666668 0.2499351851851852
1 0.94921875 0.20910648148148148 0.1015625 0.11265277777777778
2 0.27841875 0.11447546296296296 0.27983046875 0.12721666666666667 0.27765859375 0.14381851851851854 0.27928749999999997 0.1471 0.2817848958333334 0.14999583333333333 0.28591145833333337 0.1526986111111111 0.29068932291666666 0.1526986111111111 0.29514140625 0.15057500000000001 0.2986161458333333 0.1443976851851852 0.29807317708333336 0.13879907407407407 0.29448984375 0.12740972222222222 0.29340390625 0.10791203703703704 0.291340625 0.10520925925925927 0.28667135416666667 0.1046300925925926 0.2823278645833333 0.10636759259259258 0.27874453125 0.10926342592592592
2 0.4307671875 0.23146064814814815 0.43046875 0.24861111111111112 0.4270833333333333 0.2652777777777778 0.42707526041666666 0.2698763888888889 0.4294643229166667 0.27470277777777774 0.433590625 0.278949537037037 0.4416260416666667 0.27972175925925924 0.4480328125 0.27566805555555557 0.4504216145833333 0.2706486111111111 0.4496614583333333 0.2648574074074074 0.44716406249999996 0.2507652777777778 0.44748984375 0.23049537037037038 0.4439065104166667 0.22740694444444445 0.4382598958333333 0.22528333333333334 0.43315624999999996 0.22663472222222222
2 0.54680234375 0.1440300925925926 0.5453598958333333 0.1493810185185185 0.5471158854166667 0.1536175925925926 0.5494791666666666 0.15694444444444444 0.5536372395833333 0.1598601851851852 0.5592807291666666 0.16052916666666667 0.5633567708333334 0.1586337962962963 0.5644229166666667 0.15495509259259257 0.56328125 0.14027777777777778 0.5646109375 0.13187916666666666 0.5654888020833333 0.12507870370370372 0.5631687500000001 0.12006249999999999 0.5599705729166666 0.11816712962962964 0.5553302083333332 0.11794444444444444 0.5526338541666667 0.11983935185185185 0.5513020833333333 0.12361111111111112 0.54968671875 0.13566944444444445
2 0.7438265625 0.23644583333333333 0.7407539062499999 0.25249907407407407 0.7406911458333333 0.2725648148148148 0.73931171875 0.2745717592592593 0.7374304687500001 0.2773587962962963 0.7337934895833332 0.27724722222222226 0.7294666666666667 0.27535185185185185 0.72601796875 0.2731222222222222 0.7230705729166667 0.2701125 0.7201234375 0.26431574074074077 0.7196846354166666 0.26152870370370374 0.7258296875 0.24413796296296295 0.7282127604166667 0.23142962962962962 0.73003125 0.22841944444444445 0.7333546875 0.2274162037037037 0.7365526041666667 0.22752777777777777 0.7388726562500001 0.22875416666666665 0.7418200520833333 0.23142962962962962
2 0.7901669270833334 0.1597486111111111 0.7949325520833334 0.16197824074074074 0.7997609375 0.16253564814814814 0.8015166666666667 0.15896851851851854 0.8015794270833333 0.14102037037037035 0.8038994791666667 0.1297611111111111 0.8031471354166667 0.12741990740740738 0.7996356770833334 0.12463287037037037 0.7948697916666667 0.12318379629629629 0.79073125 0.12340694444444446 0.7877213541666667 0.1371185185185185 0.7827674479166667 0.1512763888888889 0.7830182291666666 0.15328287037037036 0.7844604166666667 0.15562407407407408