1 0.0044661453125 0.7583796305555555 0.1547630203125 0.7583796305555555 0.1547630203125 0.59525 0.0044661453125 0.59525 0.0044661453125 0.7583796305555555
1 0.0828359375 0.8999074083333333 0.22668489531249997 0.8999074083333333 0.22668489531249997 0.7266296305555555 0.0828359375 0.7266296305555555 0.0828359375 0.8999074083333333
1 0.16517708281250001 0.7530833333333333 0.3018333328125 0.7530833333333333 0.3018333328125 0.5961203694444445 0.16517708281250001 0.5961203694444445 0.16517708281250001 0.7530833333333333
1 0.23859375 0.8853518527777778 0.37326041718749997 0.8853518527777778 0.37326041718749997 0.7222222222222222 0.23859375 0.7222222222222222 0.23859375 0.8853518527777778
1 0.3125026046875 0.7455833333333334 0.44518489531250005 0.7455833333333334 0.44518489531250005 0.5890648138888889 0.3125026046875 0.5890648138888889 0.3125026046875 0.7455833333333334
1 0.3871536453125 0.8805138888888889 0.5176067703125 0.8805138888888889 0.5176067703125 0.7204675916666667 0.3871536453125 0.7204675916666667 0.3871536453125 0.8805138888888889
1 0.4618020828125 0.7389768527777778 0.5920104171875 0.7389768527777778 0.5920104171875 0.5837824083333333 0.4618020828125 0.5837824083333333 0.4618020828125 0.7389768527777778
1 0.53125 0.8791851861111111 0.6602187500000001 0.8791851861111111 0.6602187500000001 0.719574075 0.53125 0.719574075 0.53125 0.8791851861111111
1 0.6039166671875 0.742060186111111 0.7341249999999999 0.742060186111111 0.7341249999999999 0.5895138888888889 0.6039166671875 0.5895138888888889 0.6039166671875 0.742060186111111
1 0.0000026046875 0.8778703694444445 0.050101562499999995 0.8778703694444445 0.050101562499999995 0.7306111111111111 0.0000026046875 0.7306111111111111 0.0000026046875 0.8778703694444445
2 0.065228125 0.6955564805555555 0.06879270781249999 0.6911212972222222 0.0702182296875 0.6868962972222222 0.07045625 0.68225 0.06962447968749999 0.678236111111111 0.0671291671875 0.6752796305555555 0.0645151046875 0.673800925 0.062020312499999994 0.6742231472222222 0.0572677078125 0.6803481472222223 0.0506140625 0.6826722222222222 0.0477625 0.6862629638888889 0.047168749999999995 0.6894314805555556 0.047525 0.6932333333333334 0.0485942703125 0.6964018527777778 0.0501390625 0.6980916666666667 0.052753125 0.6983027777777778 0.057861979687499995 0.6957675916666667 0.065228125 0.6955564805555555
2 0.1409119796875 0.8408777777777778 0.14221875 0.8385546305555555 0.1453078125 0.8379203694444445 0.148159375 0.8349638888888888 0.14910989531250002 0.8313731472222222 0.1492286453125 0.8269370361111111 0.14863489531250001 0.8241916666666667 0.1459020828125 0.8212342583333334 0.14340729218749998 0.8197555555555556 0.1404369796875 0.8197555555555556 0.1384166671875 0.8227129638888889 0.1353276046875 0.8284157416666666 0.1303375 0.8334851861111111 0.12855520781250002 0.8370759249999999 0.12831770781250001 0.8417231472222222 0.12974375 0.8459472222222222 0.13330781249999998 0.847425925 0.135921875 0.8461583333333333 0.1409119796875 0.8408777777777778