1 0.1592239578125 1 0.1592239578125 0.7738101861111111 0.0044635421875 0.7738101861111111 0.0044635421875 1 0.1592239578125 1
1 0.2648776046875 0.46693055555555557 0.4233619796875 0.46693055555555557 0.4233619796875 0.27381018611111113 0.2648776046875 0.27381018611111113 0.2648776046875 0.46693055555555557
1 0.3288697921875 0.6613703694444445 0.4955364578125 0.6613703694444445 0.4955364578125 0.45766666666666667 0.3288697921875 0.45766666666666667 0.3288697921875 0.6613703694444445
1 0.43600781250000004 0.5052870361111111 0.6011901046875 0.5052870361111111 0.6011901046875 0.30819444444444444 0.43600781250000004 0.30819444444444444 0.43600781250000004 0.5052870361111111
1 0.5126536453125 0.7089861111111111 0.6927109375 0.7089861111111111 0.6927109375 0.49999536944444445 0.5126536453125 0.49999536944444445 0.5126536453125 0.7089861111111111
1 0.6138411453125 0.5423287027777778 0.7976171875 0.5423287027777778 0.7976171875 0.33465277777777774 0.6138411453125 0.33465277777777774 0.6138411453125 0.5423287027777778
1 0.7038671875 0.7698425916666666 0.9010390625 0.7698425916666666 0.9010390625 0.5383611111111111 0.7038671875 0.5383611111111111 0.7038671875 0.7698425916666666
1 1 0.3756666666666667 0.8072916671874999 0.3756666666666667 0.8072916671874999 0.5952407416666666 1 0.5952407416666666 1 0.3756666666666667
2 0.035465625 0.9603277777777778 0.040234375 0.9605925916666667 0.045003125 0.9584731472222223 0.0491755203125 0.9513203694444444 0.049771354687500005 0.9446972222222223 0.0493244796875 0.9393990750000001 0.0476854171875 0.9330407416666667 0.045450000000000004 0.9306564805555556 0.0424697921875 0.9298620361111112 0.0396385421875 0.931186111111111 0.0335286453125 0.9391342583333333 0.0226505203125 0.9468166666666666 0.0201171875 0.9521148138888889 0.019670312500000002 0.9571481472222222 0.0199682296875 0.9624462972222222 0.021756249999999998 0.965625925 0.0239916671875 0.9666851861111111 0.026971875 0.9666851861111111 0.035465625 0.9603277777777778
2 0.342290625 0.3600231472222222 0.3428864578125 0.353400925 0.3419921875 0.3465129638888889 0.3396083328125 0.34200925833333334 0.337075 0.3406842583333333 0.33498854218749996 0.3406842583333333 0.3330515625 0.34174444444444446 0.3293260421875 0.3398898138888889 0.326196875 0.34094907500000005 0.3241104171875 0.3449231472222222 0.3235145828125 0.34916203611111113 0.32396145781249996 0.35366574166666664 0.3251536453125 0.35684444444444446 0.3278359375 0.35922870277777774 0.3306671875 0.3613481472222222 0.3321572921875 0.3647916666666666 0.3343927078125 0.367175925 0.3369260421875 0.3669111111111111 0.34065104218750003 0.36505648055555556 0.342290625 0.3600231472222222
2 0.4115390625 0.5662583333333333 0.41315 0.5621416666666667 0.41385468750000004 0.558025 0.41385468750000004 0.5533722222222223 0.4128479171875 0.547824075 0.41123750000000003 0.5451398138888889 0.4091234375 0.5435287027777778 0.4064052078125 0.5428129638888889 0.4039890625 0.5428129638888889 0.4021770828125 0.5438870361111111 0.4007677078125 0.5458555555555555 0.3993583328125 0.5481824083333333 0.397646875 0.551225 0.39744531250000004 0.5560564805555556 0.39774739531250003 0.5587416666666667 0.3987541671875 0.561425925 0.40026406249999996 0.5639314805555555 0.4015729171875 0.5671527777777778 0.4033848953125 0.5685842583333334 0.40630468750000004 0.569300925 0.4091234375 0.5691212972222223 0.4115390625 0.5662583333333333
2 0.5222479171875001 0.40489444444444445 0.5239958328125 0.40081574166666667 0.5249786453125 0.3969324083333333 0.5249786453125 0.39188333333333336 0.5241046875 0.3870287027777778 0.5218109375 0.3823675916666667 0.5198447921875 0.3800370361111111 0.5175510421875 0.3792601861111111 0.5148197921875 0.37906666666666666 0.5123078125 0.37945463055555556 0.5108875 0.3817851861111111 0.5099046875 0.3845037027777778 0.5096859375 0.38799907499999997 0.5099046875 0.39227129722222226 0.5099046875 0.39576666666666666 0.5101229171874999 0.3994564805555556 0.510996875 0.40236944444444445 0.5128536453125 0.4050879638888889 0.5147109375000001 0.40703055555555556 0.5165677078125 0.4076129638888889 0.5195171875 0.40703055555555556 0.5222479171875001 0.40489444444444445
2 0.6094166671875 0.612875925 0.6116015625 0.6082148138888889 0.6120380203125 0.604137036111111 0.6122567703125 0.5992824083333333 0.6111645828125 0.5948157416666666 0.6095260421875001 0.5915148138888889 0.6071229171875 0.5882129638888889 0.6039552078125 0.5862712972222223 0.6016609374999999 0.5864657416666667 0.5990395828125 0.5878249999999999 0.5963083328125001 0.5934564805555556 0.5952161453125 0.5973398138888889 0.5954348953124999 0.6027777777777777 0.5967453125 0.6072444444444445 0.5993671875000001 0.6105453694444445 0.6040640625 0.6134583333333333 0.6071229171875 0.6138462972222223 0.6094166671875 0.612875925
2 0.7151552078125001 0.44140277777777776 0.7189786453125 0.439849075 0.7212723953125 0.4363537027777778 0.7219276046875 0.4318870361111111 0.7221463546875 0.42936296388888884 0.7249864578125 0.423925 0.7252046875 0.4190703694444444 0.7247677078125 0.4161574083333333 0.7232385421874999 0.41305000000000003 0.7210536453125 0.4107203694444444 0.7182135421875 0.41033148055555557 0.7149369796875 0.4109138888888889 0.7119875 0.41557499999999997 0.709365625 0.4165453694444444 0.707071875 0.4200416666666667 0.7051057296875001 0.42411944444444444 0.7048869796874999 0.42936296388888884 0.7056520828124999 0.4336351861111111 0.707071875 0.4371305555555555 0.7090380203125 0.43868425833333335 0.7115505203125 0.44082036944444447 0.7151552078125001 0.44140277777777776