1 0.08184374999999999 0.8869074074074074 0.15476041666666665 0.22619444444444445
1 0.3441197916666667 0.37037037037037035 0.158484375 0.19312037037037036
1 0.41220312499999995 0.5595185185185185 0.16666666666666666 0.2037037037037037
1 0.5185989583333334 0.40674074074074074 0.16518229166666665 0.1970925925925926
1 0.6026822916666668 0.6044907407407407 0.18005729166666665 0.20899074074074075
1 0.7057291666666666 0.43849074074074074 0.18377604166666667 0.20767592592592593
1 0.802453125 0.6541018518518518 0.197171875 0.23148148148148148
1 0.9036458333333334 0.48545370370370367 0.19270833333333334 0.21957407407407406
2 0.023991666666666668 0.9666851851851852 0.026971875 0.9666851851851852 0.035465624999999994 0.9603277777777778 0.040234375 0.9605925925925927 0.045003125000000005 0.9584731481481482 0.04917552083333333 0.9513203703703703 0.04977135416666667 0.9446972222222223 0.04932447916666667 0.9393990740740741 0.04768541666666667 0.9330407407407407 0.04545 0.9306564814814815 0.042469791666666666 0.9298620370370371 0.039638541666666666 0.9311861111111112 0.033528645833333336 0.9391342592592592 0.022650520833333333 0.9468166666666666 0.0201171875 0.9521148148148149 0.019670312500000002 0.9571481481481482 0.019968229166666667 0.9624462962962963 0.021756249999999998 0.9656259259259259
2 0.3369260416666667 0.36691111111111113 0.34065104166666665 0.3650564814814815 0.342290625 0.3600231481481481 0.3428864583333333 0.3534009259259259 0.3419921875 0.34651296296296297 0.33960833333333335 0.3420092592592593 0.33707499999999996 0.34068425925925927 0.33498854166666664 0.34068425925925927 0.33305156249999995 0.34174444444444446 0.3293260416666667 0.33988981481481484 0.326196875 0.3409490740740741 0.3241104166666667 0.3449231481481481 0.3235145833333333 0.3491620370370371 0.32396145833333334 0.35366574074074075 0.32515364583333334 0.35684444444444446 0.3278359375 0.3592287037037037 0.33066718749999996 0.36134814814814814 0.33215729166666663 0.3647916666666667 0.33439270833333334 0.36717592592592596
2 0.4063046875 0.569300925925926 0.4091234375 0.5691212962962963 0.4115390625 0.5662583333333333 0.41315 0.5621416666666668 0.4138546875 0.558025 0.4138546875 0.5533722222222223 0.41284791666666665 0.5478240740740741 0.41123750000000003 0.5451398148148148 0.4091234375 0.5435287037037037 0.4064052083333333 0.542812962962963 0.4039890625 0.542812962962963 0.4021770833333333 0.5438870370370371 0.40076770833333336 0.5458555555555555 0.39935833333333337 0.5481824074074074 0.397646875 0.551225 0.39744531250000004 0.5560564814814816 0.3977473958333333 0.5587416666666667 0.39875416666666663 0.561425925925926 0.40026406249999996 0.5639314814814815 0.40157291666666667 0.5671527777777777 0.40338489583333337 0.5685842592592593
2 0.5165677083333333 0.40761296296296295 0.5195171875 0.40703055555555556 0.5222479166666667 0.40489444444444445 0.5239958333333333 0.4008157407407407 0.5249786458333333 0.39693240740740743 0.5249786458333333 0.3918833333333333 0.5241046874999999 0.3870287037037037 0.5218109375 0.38236759259259256 0.5198447916666666 0.38003703703703706 0.5175510416666667 0.3792601851851852 0.5148197916666667 0.37906666666666666 0.5123078125 0.3794546296296296 0.5108875 0.38178518518518517 0.5099046875000001 0.38450370370370374 0.5096859375 0.3879990740740741 0.5099046875000001 0.3922712962962963 0.5099046875000001 0.39576666666666666 0.5101229166666666 0.3994564814814815 0.510996875 0.40236944444444445 0.5128536458333334 0.40508796296296296 0.5147109375 0.40703055555555556
2 0.6040640625000001 0.6134583333333333 0.6071229166666666 0.6138462962962963 0.6094166666666666 0.6128759259259259 0.6116015625000001 0.6082148148148148 0.6120380208333334 0.604137037037037 0.6122567708333333 0.5992824074074075 0.6111645833333333 0.5948157407407407 0.6095260416666667 0.5915148148148148 0.6071229166666666 0.588212962962963 0.6039552083333334 0.5862712962962963 0.6016609375 0.5864657407407408 0.5990395833333333 0.587825 0.5963083333333333 0.5934564814814814 0.5952161458333334 0.5973398148148148 0.5954348958333333 0.6027777777777777 0.5967453125 0.6072444444444444 0.5993671875000001 0.6105453703703704
2 0.7090380208333333 0.43868425925925925 0.7115505208333333 0.44082037037037036 0.7151552083333333 0.44140277777777776 0.7189786458333334 0.43984907407407403 0.7212723958333334 0.4363537037037037 0.7219276041666667 0.431887037037037 0.7221463541666666 0.42936296296296295 0.7249864583333333 0.423925 0.7252046875 0.41907037037037037 0.7247677083333334 0.4161574074074074 0.7232385416666667 0.41305 0.7210536458333333 0.41072037037037035 0.7182135416666667 0.4103314814814815 0.7149369791666668 0.41091388888888886 0.7119875 0.415575 0.709365625 0.41654537037037037 0.707071875 0.42004166666666665 0.7051057291666667 0.42411944444444444 0.7048869791666666 0.42936296296296295 0.7056520833333334 0.4336351851851852 0.707071875 0.4371305555555556