1 0.7192565109375 0.7916319444444445 0.9281653640625 0.7916319444444445 0.9281653640625 0.5700069444444444 0.7192565109375 0.5700069444444444 0.7192565109375 0.7916319444444445
1 0.6047591140625 0.6224814805555555 0.76613671875 0.6224814805555555 0.76613671875 0.44601851944444443 0.6047591140625 0.44601851944444443 0.6047591140625 0.6224814805555555
1 0.4598359375 0.7641550916666667 0.6433567703125 0.7641550916666667 0.6433567703125 0.5433171305555555 0.4598359375 0.5433171305555555 0.4598359375 0.7641550916666667
1 0.3872174484375 0.6122037027777778 0.5408658859375 0.6122037027777778 0.5408658859375 0.4256203694444444 0.3872174484375 0.4256203694444444 0.3872174484375 0.6122037027777778
1 0.26192057343749997 0.744810186111111 0.44027734374999994 0.744810186111111 0.44027734374999994 0.5386898138888889 0.26192057343749997 0.5386898138888889 0.26192057343749997 0.744810186111111
1 0.21739453125 0.5947037027777777 0.3746002609375 0.5947037027777777 0.3746002609375 0.43066666666666664 0.21739453125 0.43066666666666664 0.21739453125 0.5947037027777777
1 0.07596484375 0.7330671305555555 0.25091015625 0.7330671305555555 0.25091015625 0.5308217583333333 0.07596484375 0.5308217583333333 0.07596484375 0.7330671305555555
1 0.056971354687499996 0.5742245361111111 0.2139661453125 0.5742245361111111 0.2139661453125 0.4089050916666667 0.056971354687499996 0.4089050916666667 0.056971354687499996 0.5742245361111111
1 0.0000013015624999999999 0.7142430555555556 0.0766236984375 0.7142430555555556 0.0766236984375 0.5064699083333334 0.0000013015624999999999 0.5064699083333334 0.0000013015624999999999 0.7142430555555556
2 0.1328638015625 0.4479787027777778 0.13465 0.44407036944444445 0.13506223906249998 0.44162777777777773 0.1308028640625 0.4333231472222222 0.12736796875 0.4230638888888889 0.1255817703125 0.42135416666666664 0.1217346359375 0.4215981472222222 0.1187119796875 0.42379675833333336 0.1170630203125 0.4274606472222222 0.1166510421875 0.4311245361111111 0.1195361984375 0.43894120277777776 0.12077291718750001 0.44773425833333336 0.12448255156250002 0.45188703611111114 0.1280549484375 0.45164259166666665 0.1328638015625 0.4479787027777778
2 0.4689395828125 0.46922963055555555 0.4697640625 0.4660541666666667 0.4682526046875 0.45628379722222223 0.46852734375000005 0.4452916666666667 0.4671533859375 0.4421162027777778 0.46454270781250007 0.4408949083333334 0.46138255156249997 0.4408949083333334 0.4594591140625 0.44284907500000004 0.4587721359375 0.4462689805555556 0.4586346359375 0.45359675833333335 0.4562989578125 0.4619018527777778 0.45588671875 0.4643444444444444 0.45794765625 0.4687412027777778 0.46206953124999994 0.47240509166666667 0.4659166671875 0.47216064722222223 0.4689395828125 0.46922963055555555
2 0.5579734375000001 0.6077268527777778 0.5594848953125 0.6023532416666667 0.5578361984375 0.5913611111111111 0.5582481765625 0.5793921305555555 0.5559125 0.5749953694444444 0.5531645828125 0.5727972222222222 0.5501419265624999 0.5727972222222222 0.5478059890625 0.5749953694444444 0.5462945312499999 0.5781708333333333 0.5458825515625 0.5894069444444444 0.5436841140625 0.5967351861111111 0.5438216140625001 0.6016203694444445 0.5449205734375 0.6057726861111111 0.5476687499999999 0.609925 0.5512408859375 0.6113907416666666 0.5555002609375 0.6104138888888889 0.5579734375000001 0.6077268527777778