1 0.5063229166666666 0.6891574074074074 0.14955208333333334 0.19841666666666666
1 0.6186770833333333 0.8220925925925926 0.177828125 0.24735185185185185
1 0.6651770833333334 0.6593888888888889 0.150296875 0.19444444444444445
1 0.8046875 0.7738055555555556 0.17484895833333333 0.23280555555555557
1 0.8165937499999999 0.6190462962962964 0.14955208333333334 0.18253703703703703
1 0.9412187500000001 0.7361111111111112 0.11755729166666667 0.21825
2 0.5064114583333333 0.6578027777777778 0.5089510416666667 0.6579101851851852 0.5113692708333333 0.654900925925926 0.5124578125 0.6524287037037038 0.5130015625 0.6496342592592593 0.5133645833333333 0.6461944444444444 0.5126994791666667 0.6432925925925925 0.5114901041666667 0.6402833333333333 0.5110067708333333 0.6345861111111111 0.5105833333333334 0.6317916666666668 0.5094953125 0.62975 0.5083463541666666 0.6284601851851852 0.5061697916666666 0.6280296296296297 0.5041744791666667 0.628137037037037 0.5028442708333334 0.6299648148148148 0.5014541666666666 0.6325444444444445 0.5012119791666667 0.6357685185185186 0.5013932291666666 0.6415731481481481 0.5007890625 0.6434 0.500546875 0.6465175925925927 0.5007286458333333 0.6509240740740742 0.50175625 0.6539333333333334 0.502965625 0.6557611111111111 0.5042348958333334 0.6569435185185185
2 0.6211645833333334 0.7931259259259259 0.6235223958333334 0.7931259259259259 0.625759375 0.7919435185185185 0.6273916666666667 0.7893638888888889 0.628721875 0.7857092592592593 0.628903125 0.781087037037037 0.628721875 0.7773259259259259 0.6280567708333333 0.774423148148148 0.6278755208333333 0.7704462962962962 0.6278755208333333 0.7670074074074075 0.6266661458333334 0.763675 0.6249734375 0.7608805555555556 0.6237640624999999 0.759375925925926 0.6216479166666667 0.7588379629629629 0.6201364583333333 0.7588379629629629 0.6189880208333334 0.759375925925926 0.6172947916666666 0.761525 0.6162671875 0.7641046296296296 0.6159041666666667 0.7673296296296296 0.61548125 0.7694787037037037 0.6143322916666667 0.7704462962962962 0.6134255208333333 0.7722740740740741 0.6128208333333334 0.7750685185185184 0.6127 0.7787231481481481 0.6132442708333333 0.7824851851851852 0.6143927083333334 0.785924074074074 0.6159041666666667 0.7888259259259259 0.6174161458333334 0.7908685185185186 0.6191088541666667 0.7921583333333333
2 0.6669932291666666 0.6207212962962964 0.6683833333333333 0.622225925925926 0.67104375 0.6223333333333333 0.6737645833333333 0.6212583333333332 0.6753364583333333 0.6195388888888889 0.6758807291666666 0.6174962962962962 0.6756989583333334 0.6095425925925926 0.6770895833333334 0.6037388888888889 0.6775130208333333 0.6012666666666667 0.6769083333333333 0.5983638888888888 0.6752760416666667 0.5955694444444445 0.6737041666666667 0.5940648148148149 0.6718296875 0.5935277777777778 0.6692302083333334 0.5937425925925925 0.6675973958333333 0.5973972222222221 0.6659046875 0.6047055555555555 0.6643328125 0.6059953703703704 0.6630630208333332 0.6088981481481481 0.6625791666666667 0.6116925925925927 0.6636677083333333 0.6153472222222223 0.6655421874999999 0.6187861111111111
2 0.8070489583333333 0.7372666666666667 0.8096385416666667 0.7395092592592593 0.8125598958333333 0.7403351851851852 0.8164770833333334 0.7404537037037038 0.8191328124999999 0.739862962962963 0.8203947916666666 0.728412962962963 0.8229177083333333 0.7212129629629629 0.8236479166666667 0.7181444444444445 0.8229838541666666 0.7142490740740741 0.8202619791666667 0.7103537037037038 0.8178052083333333 0.7076388888888889 0.815215625 0.7062222222222222 0.8122942708333334 0.7065759259259259 0.80930625 0.7124777777777778 0.8082442708333333 0.715311111111111 0.8041276041666666 0.720150925925926 0.8027994791666667 0.7225111111111111 0.8026666666666666 0.7251083333333332 0.8027333333333334 0.7288851851851852 0.8035296875 0.7314824074074073 0.804459375 0.7341972222222222
2 0.8210583333333333 0.5809833333333333 0.8230505208333334 0.5816916666666666 0.8257729166666666 0.5819277777777777 0.8281630208333334 0.5812194444444444 0.8300885416666667 0.5789768518518518 0.8294244791666666 0.5691796296296296 0.8308854166666666 0.5615074074074075 0.8310182291666667 0.5586740740740741 0.8291588541666666 0.5561953703703704 0.8271671875000001 0.5545435185185186 0.8247765625 0.5538351851851853 0.8223203125 0.5534805555555555 0.8207932291666666 0.5545435185185186 0.8197307291666667 0.5561953703703704 0.8186020833333333 0.5625694444444445 0.8181369791666667 0.5649305555555556 0.8159458333333334 0.5682351851851851 0.8152822916666668 0.5708324074074075 0.8150828125 0.5737833333333333 0.8164770833333334 0.5774425925925927 0.8184692708333333 0.579449074074074