1 0.3163385421875 0.6318518527777778 0.428796875 0.6318518527777778 0.428796875 0.5037777777777778 0.3163385421875 0.5037777777777778 0.3163385421875 0.6318518527777778
1 0.3683046875 0.7142870361111111 0.49553906249999996 0.7142870361111111 0.49553906249999996 0.5542314805555556 0.3683046875 0.5542314805555556 0.3683046875 0.7142870361111111
1 0.439984375 0.6114907416666666 0.5465052078125 0.6114907416666666 0.5465052078125 0.4893611111111111 0.439984375 0.4893611111111111 0.439984375 0.6114907416666666
1 0.5073463546875 0.684300925 0.6267682296875 0.684300925 0.6267682296875 0.5403472222222222 0.5073463546875 0.5403472222222222 0.5073463546875 0.684300925
1 0.5540364578125 0.5780370361111111 0.6567135421875 0.5780370361111111 0.6567135421875 0.4717777777777778 0.5540364578125 0.4717777777777778 0.5540364578125 0.5780370361111111
1 0.6342708328125 0.6578425916666666 0.7506875 0.6578425916666666 0.7506875 0.5282129638888888 0.6342708328125 0.5282129638888888 0.6342708328125 0.6578425916666666
1 0.6653333328125 0.5592453694444444 0.76134375 0.5592453694444444 0.76134375 0.4634027777777777 0.6653333328125 0.4634027777777777 0.6653333328125 0.5592453694444444
1 0.7499036453125 0.6290231472222222 0.8632526046875 0.6290231472222222 0.8632526046875 0.5079953694444445 0.7499036453125 0.5079953694444445 0.7499036453125 0.6290231472222222
1 0.7677942703125 0.5354305555555555 0.8651119796875 0.5354305555555555 0.8651119796875 0.44884722222222223 0.7677942703125 0.44884722222222223 0.7677942703125 0.5354305555555555
1 0.8642734375 0.6103425916666667 0.9803723953124999 0.6103425916666667 0.9803723953124999 0.4921203694444444 0.8642734375 0.4921203694444444 0.8642734375 0.6103425916666667
1 0.88703125 0.517800925 0.9790729171875 0.517800925 0.9790729171875 0.4286805555555555 0.88703125 0.4286805555555555 0.88703125 0.517800925
2 0.3762744796875 0.5271898138888889 0.37686302031249996 0.5246777777777777 0.3766276046875 0.522374075 0.3747432296875 0.5175592583333334 0.37391874999999997 0.5125342583333333 0.37297708281249997 0.5098120361111111 0.37121041718750003 0.5087657416666667 0.3693260421875 0.5087657416666667 0.3670885421875 0.5108592583333333 0.3660286453125 0.5144185194444444 0.3668526046875 0.520699075 0.3668526046875 0.5255148138888889 0.3668526046875 0.529074075 0.3701505203125 0.5313768527777778 0.3717989578125 0.530749075 0.3746255203125 0.5297018527777778 0.3762744796875 0.5271898138888889
2 0.4277395828125 0.5971185194444445 0.43174375 0.5975379638888889 0.4355125 0.5948157416666666 0.43763229218750005 0.5914657416666667 0.43775000000000003 0.5887444444444445 0.4346880203125 0.5809972222222222 0.4331572921875 0.5742972222222222 0.43162604218749995 0.5722037027777778 0.429153125 0.5722037027777778 0.42726875 0.5728324083333333 0.42503124999999997 0.576600925 0.42667968749999996 0.5856037027777777 0.4260911453125 0.5939787027777778 0.4277395828125 0.5971185194444445
2 0.49698854218750005 0.5114870361111111 0.4975770828125 0.5096027777777777 0.49663489531250005 0.5041592583333333 0.49675260468750004 0.4947379638888889 0.4956927078125 0.49306296388888887 0.4938088546875 0.4920157416666667 0.4916885421875 0.4924342583333333 0.48980416718750003 0.49494722222222226 0.48980416718750003 0.5003907416666666 0.4881557296875 0.5047870361111111 0.4880380203125 0.5093935194444444 0.4894510421875 0.5121148138888889 0.4921598953125 0.5129527777777778 0.495575 0.5131620361111111 0.49698854218750005 0.5114870361111111
2 0.57365625 0.5711574083333334 0.5742453125 0.5690638888888889 0.5724786453124999 0.5606888888888889 0.5725963546874999 0.5523138888888889 0.5721255203125 0.5506388888888889 0.5700057296875001 0.5489638888888889 0.5678859375 0.5487546305555556 0.5660015625 0.5493824083333334 0.5645880203125 0.5523138888888889 0.5648239578124999 0.5600601861111111 0.563175 0.5644574083333334 0.5629395828125 0.5680166666666666 0.5639994796875001 0.5707379638888889 0.5668260421875 0.5722037027777778 0.5687104171875 0.573250925 0.5716541671875001 0.5730416666666667 0.57365625 0.5711574083333334
2 0.6111072921875 0.49306296388888887 0.6120494796875 0.49117870277777775 0.611225 0.485525 0.6119317703125 0.4792444444444444 0.6111072921875 0.4756851861111111 0.6086338546875 0.47442870277777777 0.6059255203125 0.4742194444444444 0.6043942703125 0.475475925 0.6039234375 0.48196574166666667 0.6026276046875 0.48699074166666667 0.6021567703125 0.48992222222222226 0.6032166671875 0.49180648055555554 0.6069854171875 0.49431851944444444 0.6094583328125001 0.49431851944444444 0.6111072921875 0.49306296388888887