1 0.0022317703125 0.7605787027777778 0.1569973953125 0.7605787027777778 0.1569973953125 0.5978842583333334 0.0022317703125 0.5978842583333334 0.0022317703125 0.7605787027777778
1 0.0848203125 0.9034444444444445 0.2284192703125 0.9034444444444445 0.2284192703125 0.7301666666666667 0.0848203125 0.7301666666666667 0.0848203125 0.9034444444444445
1 0.1644322921875 0.7632314805555556 0.3050572921875 0.7632314805555556 0.3050572921875 0.5939166666666666 0.1644322921875 0.5939166666666666 0.1644322921875 0.7632314805555556
1 0.23809635468749998 0.8915324083333332 0.3742578125 0.8915324083333332 0.3742578125 0.7142824083333333 0.23809635468749998 0.7142824083333333 0.23809635468749998 0.8915324083333332
1 0.3117526046875 0.7513240750000001 0.4494036453125 0.7513240750000001 0.4494036453125 0.5873055555555555 0.3117526046875 0.5873055555555555 0.3117526046875 0.7513240750000001
1 0.3854166671875 0.8875694444444444 0.5208333328125 0.8875694444444444 0.5208333328125 0.7169305555555556 0.3854166671875 0.7169305555555556 0.3854166671875 0.8875694444444444
1 0.4598229171875 0.7460324083333333 0.5952395828125 0.7460324083333333 0.5952395828125 0.5780416666666667 0.4598229171875 0.5780416666666667 0.4598229171875 0.7460324083333333
1 0.5282760421875 0.8902129638888889 0.6636927078125 0.8902129638888889 0.6636927078125 0.7169351861111112 0.5282760421875 0.7169351861111112 0.5282760421875 0.8902129638888889
1 0.6026796875 0.75 0.7358619796875 0.75 0.7358619796875 0.5859814805555555 0.6026796875 0.5859814805555555 0.6026796875 0.75
1 0.671875 0.8796342583333334 0.80059375 0.8796342583333334 0.80059375 0.7116435194444445 0.671875 0.7116435194444445 0.671875 0.8796342583333334
2 0.14285468750000002 0.8420796305555556 0.14815416718750002 0.8385203694444444 0.14980312499999998 0.8349611111111112 0.1502739578125 0.8314018527777778 0.1486255203125 0.8263768527777778 0.1462697921875 0.823864813888889 0.1436791671875 0.8221898138888889 0.1404994796875 0.8221898138888889 0.1389682296875 0.8249120361111111 0.1364953125 0.8301462972222222 0.13307968750000002 0.8339148138888889 0.130253125 0.8372648138888888 0.1291932296875 0.840824075 0.1290755203125 0.8443833333333334 0.12978229218749998 0.8481518527777778 0.1329619796875 0.8506638888888888 0.1360239578125 0.8504546305555555 0.14285468750000002 0.8420796305555556
2 0.0659510421875 0.6988722222222222 0.06830625 0.69615 0.0703083328125 0.6919629638888889 0.0712505203125 0.6873564805555555 0.0693661453125 0.6812851861111111 0.0668932296875 0.6777259250000001 0.0635958328125 0.676050925 0.0612401046875 0.6770972222222222 0.0566473953125 0.682750925 0.0508765625 0.6861 0.049227604687499996 0.6875657416666666 0.048403125000000005 0.6902879638888889 0.0478145828125 0.6942657416666667 0.0482854171875 0.696987963888889 0.05016979218749999 0.7003370361111111 0.0519364578125 0.7015935194444445 0.05393854218750001 0.701175 0.0588848953125 0.6990814805555555 0.0659510421875 0.6988722222222222