1 0.07877083333333333 0.660962962962963 0.11979166666666667 0.12698148148148147
1 0.10436979166666666 0.5958888888888888 0.10473958333333333 0.08987037037037038
1 0.023458333333333335 0.6829444444444445 0.04691666666666667 0.11930555555555555
1 0.32027083333333334 0.6198796296296296 0.07297916666666666 0.09085185185185185
1 0.3228958333333333 0.555324074074074 0.06263020833333334 0.05631481481481482
1 0.38797916666666665 0.5856759259259259 0.06889583333333334 0.060925925925925925
1 0.39675 0.6573333333333333 0.080484375 0.10294444444444445
1 0.464171875 0.6266944444444444 0.07786458333333333 0.08914814814814814
1 0.48452083333333335 0.7052314814814815 0.09188020833333334 0.10864814814814815
1 0.5505937500000001 0.6719537037037038 0.08928645833333333 0.10582407407407408
1 0.5885416666666666 0.75 0.10863020833333333 0.12698148148148147
1 0.6525312499999999 0.7215648148148148 0.10565625000000001 0.12301851851851853
1 0.716515625 0.818787037037037 0.13541666666666666 0.1534351851851852
1 0.8188229166666667 0.780425925925926 0.14806770833333335 0.1428611111111111
1 0.8995520833333334 0.8968240740740742 0.130953125 0.16137962962962962
2 0.08010364583333333 0.6348694444444445 0.0835078125 0.6320685185185185 0.08524791666666666 0.6297324074074074 0.08533229166666666 0.6280824074074074 0.08221041666666666 0.6220833333333333 0.08077604166666667 0.6172842592592593 0.08010104166666668 0.6159342592592593 0.07883541666666667 0.6151851851851852 0.07613541666666666 0.6162342592592592 0.07394218749999999 0.6178842592592593 0.0729296875 0.6201342592592592 0.0728453125 0.6226833333333334 0.0745328125 0.6274824074074075 0.07605104166666667 0.6355814814814815 0.07773854166666667 0.6357314814814815
2 0.10386770833333332 0.576088888888889 0.10593802083333334 0.5759518518518518 0.10830052083333334 0.5741518518518518 0.10897552083333334 0.5728027777777778 0.10931302083333333 0.5711527777777778 0.10695052083333333 0.5665037037037036 0.10652864583333334 0.5635037037037036 0.10602239583333332 0.5615546296296297 0.10492552083333333 0.5606546296296295 0.10273229166666667 0.5603546296296297 0.10121354166666667 0.5611046296296297 0.09977916666666667 0.5623046296296296 0.09944166666666666 0.5638037037037037 0.09944166666666666 0.5668037037037037 0.10036979166666667 0.5695027777777778 0.10079166666666667 0.5713027777777777 0.10104479166666666 0.5741518518518518 0.10188854166666667 0.5756518518518519
2 0.31902708333333335 0.58995 0.32129895833333333 0.5886212962962963 0.3223958333333333 0.5866712962962963 0.3223958333333333 0.5842712962962964 0.32129895833333333 0.5806722222222221 0.32079270833333334 0.5761731481481482 0.3201177083333333 0.5745231481481482 0.3190208333333333 0.5736231481481482 0.3169958333333333 0.5733240740740742 0.31547760416666665 0.5751231481481481 0.3147182291666667 0.5778231481481482 0.31488697916666664 0.5820222222222222 0.3147182291666667 0.5857712962962963 0.31480260416666667 0.5886212962962963 0.31573072916666667 0.5899703703703704
2 0.32181145833333336 0.5409407407407407 0.3236614583333333 0.5394296296296296 0.3247583333333333 0.5376296296296296 0.32526458333333336 0.5350796296296296 0.32433645833333336 0.5322305555555555 0.3234083333333333 0.5311805555555555 0.32222708333333333 0.5269814814814815 0.32138333333333335 0.5254814814814814 0.32003333333333334 0.5254814814814814 0.3185145833333333 0.5262314814814815 0.3174177083333333 0.5278814814814814 0.31750208333333335 0.5308805555555556 0.3185145833333333 0.5347805555555556 0.3183458333333334 0.5361296296296296 0.3185145833333333 0.5383796296296297 0.31935833333333336 0.5400296296296296
2 0.38929270833333335 0.5589277777777778 0.388559375 0.5551462962962963 0.38780000000000003 0.5539462962962962 0.3860286458333333 0.5534962962962963 0.3838348958333333 0.5546962962962964 0.3833286458333333 0.5563462962962963 0.38375052083333333 0.5612953703703704 0.3832442708333333 0.5638444444444445 0.38358177083333334 0.5674444444444445 0.38510052083333335 0.5687935185185186 0.387715625 0.5689435185185184 0.390246875 0.5681935185185185 0.39100625 0.5659444444444445 0.390246875 0.5621953703703704
2 0.39458333333333334 0.6260888888888889 0.39730624999999997 0.6259648148148148 0.39899375 0.6241648148148148 0.399753125 0.6217657407407406 0.3984875 0.6174166666666666 0.398571875 0.6126166666666667 0.39831875 0.6103675925925925 0.39772812500000004 0.6090175925925926 0.39595625 0.6085675925925926 0.3941 0.6085675925925926 0.393171875 0.6091675925925926 0.39258125 0.6105175925925926 0.392496875 0.6118675925925926 0.3924125 0.6166666666666667 0.3914005208333334 0.6192157407407408 0.39106302083333333 0.6214657407407407 0.3914848958333333 0.6238648148148148 0.392496875 0.6258148148148148
2 0.4628072916666667 0.599686111111111 0.4648010416666667 0.5992472222222223 0.46648802083333335 0.5983472222222223 0.46707864583333336 0.5965472222222222 0.46716302083333333 0.5942981481481482 0.46615104166666665 0.5915981481481482 0.46598229166666666 0.5864990740740741 0.46564479166666667 0.5846990740740741 0.4646322916666667 0.5839500000000001 0.4623541666666667 0.58365 0.46117291666666665 0.5845490740740741 0.4604135416666667 0.586049074074074 0.4603291666666667 0.5917481481481481 0.4599072916666667 0.5945981481481482 0.45948541666666665 0.5962472222222223 0.45973854166666667 0.5975972222222222 0.4604979166666666 0.5990972222222222