1 0.014723957812499999 0.4431157416666667 0.2657135421875 0.4431157416666667 0.2657135421875 0.15345833333333334 0.014723957812499999 0.15345833333333334 0.014723957812499999 0.4431157416666667
1 0.1101875 0.6891898138888889 0.3798125 0.6891898138888889 0.3798125 0.3725972222222222 0.1101875 0.3725972222222222 0.1101875 0.6891898138888889
1 0.28727994843750004 0.4653101861111111 0.52869921875 0.4653101861111111 0.52869921875 0.17424536944444444 0.28727994843750004 0.17424536944444444 0.28727994843750004 0.4653101861111111
1 0.4096354171875 0.7061851861111111 0.6715364578125 0.7061851861111111 0.6715364578125 0.39033333333333337 0.4096354171875 0.39033333333333337 0.4096354171875 0.7061851861111111
1 0.5524453125 0.4768912027777778 0.7947213546875 0.4768912027777778 0.7947213546875 0.18659027777777779 0.5524453125 0.18659027777777779 0.5524453125 0.4768912027777778
1 0.6940052078125001 0.7237662027777778 0.9579583328125001 0.7237662027777778 0.9579583328125001 0.4235023138888889 0.6940052078125001 0.4235023138888889 0.6940052078125001 0.7237662027777778
1 1 0.22140277777777778 0.8154895828125 0.22140277777777778 0.8154895828125 0.49562500000000004 1 0.49562500000000004 1 0.22140277777777778
2 0.12213541718750001 0.23425925833333333 0.1234375 0.24212963055555556 0.1265625 0.24861111111111112 0.1302083328125 0.2513888888888889 0.1343877609375 0.250038425 0.1408203125 0.24169351944444442 0.14255885468750001 0.23149398055555556 0.1408203125 0.2253125 0.1342140625 0.21758611111111112 0.1286458328125 0.20509259166666666 0.1268229171875 0.20324074166666667 0.12005208281249999 0.20462963055555555 0.1158854171875 0.2129629638888889 0.11614583281249999 0.21990740833333333 0.12213541718750001 0.23425925833333333
2 0.23020833281250003 0.48148148055555556 0.23072916718749997 0.4912037027777778 0.2328125 0.49537036944444446 0.2361979171875 0.4981481472222222 0.2401041671875 0.4981481472222222 0.24505208281250002 0.49537036944444446 0.2481770828125 0.4912037027777778 0.2505213546875 0.4821504638888889 0.24982578125 0.4741148138888889 0.24739192656250003 0.4691694444444445 0.2442625 0.46453333333333335 0.240625 0.4532407416666666 0.23854166718749997 0.4495370361111111 0.2359375 0.44814814722222224 0.23072916718749997 0.44907407499999996 0.2270833328125 0.4527777777777778 0.22461718749999998 0.4592791666666666 0.22526041718749998 0.4666666666666667 0.23020833281250003 0.48148148055555556
2 0.39638333281250004 0.25838333333333335 0.3972526046875 0.265800925 0.40078125 0.2722222222222222 0.4036458328125 0.2745370361111111 0.4067708328125 0.2745370361111111 0.41098697968750003 0.27260046388888887 0.41481171874999995 0.26734629722222225 0.4172455734375 0.25714675833333334 0.41568098906250006 0.24911111111111112 0.4123778640625 0.24540231388888886 0.4096354171875 0.23148148055555554 0.40807291718750005 0.22916666666666666 0.40416666718750005 0.22777777777777777 0.3981770828125 0.23101851944444446 0.39586171875 0.238911575 0.39777421875 0.2509657416666667 0.39638333281250004 0.25838333333333335
2 0.5332052078125 0.5099671305555555 0.5375 0.5152777777777777 0.5432885421875 0.5170754638888889 0.55093828125 0.5139847222222222 0.5533854171875 0.5083333333333333 0.5544151046875 0.5013129638888889 0.5521552078124999 0.49111342500000005 0.55234375 0.47638888888888886 0.5510416671875 0.4708333333333333 0.54765625 0.4666666666666667 0.5450520828125 0.4657407416666666 0.5403645828125 0.4666666666666667 0.53828125 0.4689814805555556 0.53671875 0.4736111111111111 0.5356390625 0.48709583333333334 0.5326835937500001 0.49204074166666667 0.5311190109374999 0.5010037027777778 0.5332052078125 0.5099671305555555
2 0.6708963546875 0.280636575 0.6733302078125 0.28558148055555554 0.6778645828125 0.2879629638888889 0.6825520828125 0.2879629638888889 0.6856770828125 0.2851851861111111 0.6891507812500001 0.27847268611111115 0.6882815109375 0.26518286944444447 0.6905416671875 0.25220185277777774 0.6900200515625 0.24540231388888886 0.6864583328125 0.24120370277777778 0.6825520828125 0.2393518527777778 0.67734375 0.24166666666666667 0.67421875 0.250925925 0.6729166671875 0.261574075 0.6690104171875 0.2703703694444444 0.6695054687499999 0.27630925833333336 0.6708963546875 0.280636575