1 0.7899296875 0.39891666666666664 0.22916666666666666 0.2515462962962963
1 0.9058151041666667 0.6520092592592592 0.1883671875 0.2916666666666667
1 0.6041666666666666 0.6265416666666667 0.2256953125 0.2716018518518518
1 0.486109375 0.39814814814814814 0.21006770833333333 0.25
1 0.3637135416666667 0.6157407407407407 0.20833333333333334 0.2561712962962963
1 0.267359375 0.4058611111111111 0.19791666666666666 0.23456944444444444
1 0.1484375 0.6180555555555556 0.19791666666666666 0.2515462962962963
1 0.08072916666666667 0.39814814814814814 0.16145833333333334 0.23148148148148148
2 0.041034375 0.3944574074074074 0.04441875 0.39295324074074073 0.04632239583333333 0.38881712962962967 0.0484375 0.382800462962963 0.04886067708333333 0.37716018518518524 0.048226041666666664 0.37264768518518515 0.046957031249999996 0.3692634259259259 0.04399583333333333 0.36663101851851854 0.041457552083333335 0.36512685185185184 0.0387078125 0.3647509259259259 0.03616953125 0.36587916666666664 0.028977864583333336 0.3609907407407407 0.02538203125 0.3602384259259259 0.02178645833333333 0.36287083333333336 0.019459635416666666 0.3662550925925926 0.01903671875 0.3711435185185185 0.018824999999999998 0.3760319444444445 0.019459635416666666 0.3801685185185185 0.02178645833333333 0.3831763888888889 0.03045859375 0.38731296296296297
2 0.48162578125 0.3967185185185185 0.48485234375 0.3967185185185185 0.48764296875 0.3937731481481481 0.4905205729166667 0.3874166666666667 0.49086953125000005 0.3824560185185185 0.4909567708333333 0.37765000000000004 0.4891255208333333 0.37392916666666665 0.48886380208333335 0.36772824074074073 0.48799166666666666 0.3636972222222222 0.48616041666666665 0.3607518518518519 0.4840677083333333 0.3590467592592593 0.48206197916666665 0.35858148148148145 0.47970729166666665 0.3595115740740741 0.47761458333333334 0.36214722222222223 0.47613203125 0.36540277777777774 0.47543437499999996 0.3705185185185185 0.4749984375 0.37423935185185186 0.47369036458333336 0.376099537037037 0.4731671875 0.37982037037037036 0.4731671875 0.38431620370370373 0.47386484375000004 0.388037037037037 0.4753471354166667 0.3912925925925926 0.47735286458333337 0.39423796296296293 0.47953307291666664 0.3967185185185185
2 0.6039726562500001 0.638563425925926 0.60876875 0.6370129629629631 0.6113848958333333 0.6337574074074074 0.6124315104166667 0.6287967592592593 0.6128674479166667 0.6243009259259259 0.6137393229166667 0.6215101851851852 0.61365234375 0.6179444444444444 0.6131289062499999 0.6140689814814815 0.61182109375 0.610037962962963 0.6107744791666666 0.6074027777777777 0.6093791666666667 0.6035268518518518 0.6077223958333333 0.600736574074074 0.6058039062499999 0.5998060185185184 0.6019669270833333 0.6002712962962963 0.5988276041666667 0.6021314814814815 0.5967346354166666 0.6072476851851851 0.5948161458333333 0.6125185185185185 0.59429296875 0.6174796296296297 0.5942057291666667 0.6225953703703704 0.5949033854166667 0.6270912037037037 0.5962114583333334 0.6314319444444445 0.5979554687499999 0.6357726851851851 0.6010947916666667 0.6379435185185186