0 0.3932936507936508 0.41242063492063497 0.09041170634920635 0.07607473544973545
1 0.31380704365079365 0.2802579365079365 0.11101438492063492 0.14537698412698413
1 0.22502232142857143 0.39421296296296293 0.14358878968253969 0.1811276455026455
1 0.2926438492063492 0.4972420634920635 0.16541170634920635 0.22514550264550265
1 0.09584077380952381 0.584156746031746 0.19168154761904763 0.2475033068783069
1 0.7079191468253968 0.24618055555555557 0.15376984126984128 0.12049272486772487
0 0.6228373015873017 0.25415674603174604 0.06995535714285714 0.052076719576719575
1 0.1291989087301587 0.7770138888888889 0.24661458333333333 0.362308201058201
1 0.785453869047619 0.21159060846560848 0.14415178571428572 0.11414351851851852
1 0.8868229166666667 0.2614451058201058 0.16731646825396826 0.12803902116402116
1 0.9334077380952381 0.2244642857142857 0.1331845238095238 0.11888227513227513
2 0.27928075396825397 0.4491011904761905 0.2817827380952381 0.4522285052910053 0.2877249503968254 0.4536878306878307 0.2936671626984127 0.45243683862433864 0.2978891369047619 0.4493095238095238 0.300078373015873 0.4445142195767196 0.299921875 0.44263756613756616 0.2953871527777778 0.4334639550264551 0.29272891865079365 0.4215796957671958 0.2911651785714286 0.41970304232804234 0.2881939484126984 0.41886904761904764 0.28459747023809523 0.419286044973545 0.280375496031746 0.4215796957671958 0.2781862599206349 0.4240813492063492 0.2780297619047619 0.426166335978836 0.280062748015873 0.43721660052910055
2 0.21157167658730158 0.3483974867724868 0.2140736607142857 0.35048214285714285 0.21892113095238097 0.35110780423280424 0.22470684523809525 0.3500651455026455 0.2279908234126984 0.34693783068783074 0.2293980654761905 0.3425595238095238 0.22470684523809525 0.33359424603174603 0.22267410714285715 0.3237946428571428 0.22142311507936507 0.32233531746031746 0.21829563492063492 0.32170965608465607 0.21516815476190476 0.3221266534391534 0.21125892857142858 0.3237946428571428 0.20969518849206348 0.326505291005291 0.21157167658730158 0.3371385582010582
2 0.30992981150793647 0.23685185185185184 0.31399553571428573 0.23643485449735452 0.31727926587301586 0.23372420634920638 0.31837375992063494 0.2312225529100529 0.31540277777777775 0.2226739417989418 0.31399553571428573 0.21433432539682543 0.31227529761904765 0.21308333333333335 0.3093043154761905 0.21245767195767196 0.30586408730158726 0.2135003306878307 0.3038313492063492 0.21621064814814817 0.30476959325396824 0.22455059523809526 0.3038313492063492 0.2326818783068783 0.3050823412698413 0.23539219576719578
2 0.7035548115079365 0.1944368386243386 0.7048340773809524 0.19676289682539683 0.7073926091269841 0.19800330687830686 0.7108812003968255 0.19862334656084654 0.714951388888889 0.19769312169312167 0.7169283234126984 0.19552248677248676 0.7161143353174604 0.18714947089947093 0.7169283234126984 0.1790866402116402 0.7163467261904761 0.17753604497354497 0.7140210813492064 0.17645072751322752 0.7119278273809524 0.17583068783068784 0.7094856150793651 0.17629563492063494 0.7075086805555556 0.17769113756613755 0.706578373015873 0.18559887566137565
2 0.7863534226190477 0.1662172619047619 0.7900746527777778 0.16590707671957672 0.7922842261904761 0.16513194444444443 0.7936798115079365 0.1635813492063492 0.7933308531746032 0.1559837962962963 0.7944937996031746 0.14900628306878308 0.7933308531746032 0.14652546296296298 0.7907725694444444 0.14559523809523808 0.788562996031746 0.1457503306878307 0.785888392857143 0.14668055555555556 0.7841438492063493 0.15489847883597885 0.7813529265873016 0.16218584656084656 0.782515873015873 0.16451157407407407
2 0.8893864087301587 0.212578373015873 0.8918286210317461 0.2128882275132275 0.8962475198412698 0.21180291005291005 0.897875496031746 0.2099424603174603 0.897875496031746 0.20156944444444447 0.8996200396825397 0.19319642857142857 0.8991547619047618 0.1921111111111111 0.8977594246031746 0.19071560846560848 0.8952008928571428 0.1899404761904762 0.892875248015873 0.18978538359788358 0.8904330357142858 0.19071560846560848 0.8891537698412699 0.1922662037037037 0.8876421130952381 0.19970866402116402 0.8834556051587301 0.20746164021164024 0.8843859126984127 0.20932208994708995 0.8870607638888889 0.21087268518518518
2 0.9516016865079365 0.17707109788359787 0.9543926091269841 0.17707109788359787 0.9571835317460318 0.17567559523809526 0.9572998511904762 0.16730257936507936 0.9592767857142858 0.15986011904761904 0.9585791170634921 0.15799933862433863 0.9561369047619047 0.15691402116402114 0.9533459821428572 0.15660383597883598 0.950438740079365 0.15691402116402114 0.9492757936507936 0.1587748015873016 0.9477641369047619 0.16451157407407407 0.943810267857143 0.17241931216931217 0.9440426587301588 0.174125 0.9452056051587302 0.17536541005291004 0.9479965277777778 0.17660582010582013