0 0.4972395833333333 0.6569973544973545 0.07726190476190475 0.07022486772486773
0 0.6542509920634921 0.6500859788359789 0.07430307539682539 0.06882275132275133
1 0.14605406746031746 0.6159060846560847 0.1692013888888889 0.1350297619047619
1 0.2604861111111111 0.553994708994709 0.14398561507936508 0.11665674603174603
1 0.32999999999999996 0.6086507936507937 0.15762648809523808 0.13227513227513227
1 0.41473710317460316 0.548207671957672 0.13640873015873015 0.11169642857142857
1 0.5630654761904762 0.5418683862433862 0.1310342261904762 0.11004298941798941
1 0.7066393849206349 0.5392956349206349 0.13351438492063494 0.10930886243386244
1 0.8141815476190477 0.5893617724867725 0.1455034722222222 0.12161706349206348
1 0.8750843253968255 0.5360813492063492 0.12125248015873015 0.0999404761904762
1 0.9662698412698413 0.5823776455026455 0.06746031746031746 0.11206349206349206
2 0.8198164682539683 0.5477427248677249 0.8230845734126985 0.5474160052910053 0.8248821924603175 0.5459996693121694 0.824391865079365 0.5384828042328043 0.8256991567460318 0.5314017857142858 0.8253722718253967 0.5297678571428571 0.8234114583333333 0.5280248015873016 0.8215322420634921 0.5270443121693121 0.8193263888888889 0.5266084656084656 0.8172837301587301 0.5273710317460317 0.8163033234126984 0.5284606481481482 0.8151594742063492 0.5346699735449736 0.8117279265873016 0.5414242724867725 0.8121364087301588 0.543167328042328 0.8136071428571429 0.5446924603174603 0.8155679563492063 0.5464355158730159 0.8177738095238095 0.5474160052910053
2 0.7028983134920634 0.49675958994708996 0.7041237599206349 0.4988293650793651 0.7064114583333334 0.5001365740740741 0.7083725198412698 0.5011170634920634 0.7108236607142857 0.5012258597883599 0.7133563988095238 0.5003544973544973 0.7145818452380952 0.4988293650793651 0.7136832837301587 0.49251091269841274 0.7145818452380952 0.48564781746031743 0.7140099206349206 0.4841226851851852 0.7117222222222223 0.4828154761904762 0.7094345238095239 0.48248842592592595 0.7069833829365079 0.48314219576719575 0.705921378968254 0.4848852513227513 0.7055128968253969 0.49033201058201054
2 0.5586909722222222 0.4998098544973545 0.5595079365079365 0.5016617063492064 0.5613871527777777 0.5029689153439154 0.563593253968254 0.5038406084656085 0.5666163194444445 0.5034047619047619 0.5684136904761905 0.502750992063492 0.5696393849206349 0.5010079365079365 0.5684955357142857 0.493926917989418 0.5688221726190477 0.4874996693121693 0.5677601686507936 0.48619246031746033 0.5658809523809524 0.48532076719576717 0.5639201388888889 0.4852119708994709 0.5621225198412698 0.48564781746031743 0.560733630952381 0.48739087301587297 0.5605701884920635 0.4929467592592593 0.5586093750000001 0.4999186507936508
2 0.41554588293650796 0.5087427248677249 0.41807862103174603 0.508198082010582 0.4198762400793651 0.5069996693121693 0.42126512896825397 0.5049298941798942 0.4194675099206349 0.497957671957672 0.41930431547619046 0.49153042328042323 0.4183236607142857 0.49033201058201054 0.4165262896825397 0.4894606481481481 0.4145654761904762 0.4894606481481481 0.4130128968253968 0.49000529100529105 0.4115424107142857 0.49142162698412695 0.411297123015873 0.49338227513227517 0.4114605654761905 0.4994828042328042 0.4100716765873016 0.5050386904761905 0.4109704861111111 0.5069996693121693 0.4126044146825397 0.508088955026455
2 0.3291847718253968 0.565390873015873 0.33179935515873016 0.5652817460317461 0.33425049603174606 0.563974537037037 0.3362113095238095 0.5616868386243387 0.33678323412698413 0.5602705026455027 0.33441393849206347 0.5526448412698413 0.33400545634920636 0.545781746031746 0.3332700892857143 0.5444745370370371 0.3316359126984127 0.5437119708994709 0.3292666170634921 0.5434940476190476 0.32722395833333334 0.5441478174603175 0.32485466269841273 0.5456729497354498 0.32436433531746034 0.5471980820105821 0.3246912202380952 0.5544970238095238 0.32338392857142856 0.5616868386243387 0.3237924107142857 0.563211970899471 0.32501785714285714 0.5643012566137566 0.3273055555555555 0.565390873015873
2 0.2581024305555556 0.5132093253968254 0.25981820436507935 0.513426917989418 0.26267782738095236 0.512119708994709 0.26480233134920633 0.5103766534391534 0.26561929563492065 0.5090694444444445 0.26480233134920633 0.5063458994708995 0.2633315972222222 0.5023154761904762 0.26251438492063495 0.4951253306878307 0.26145238095238094 0.49370932539682544 0.25965476190476194 0.4931643518518518 0.25777579365079367 0.49338227513227517 0.25573313492063493 0.493926917989418 0.2539355158730159 0.49534325396825396 0.2535270337301587 0.49654166666666666 0.2540173611111111 0.5038406084656085 0.2532001488095238 0.5103766534391534 0.25434399801587304 0.512228835978836 0.25614161706349203 0.5128822751322751
2 0.14191964285714287 0.5712734788359788 0.14445238095238094 0.5712734788359788 0.14804737103174603 0.5699662698412699 0.15066195436507937 0.5675694444444445 0.15139732142857143 0.565390873015873 0.14837425595238096 0.5579828042328042 0.14698536706349205 0.5504662698412698 0.14616815476190476 0.5494857804232804 0.14469742063492064 0.5486140873015873 0.1417562003968254 0.5488320105820106 0.1397953869047619 0.5493766534391534 0.13807961309523809 0.5503571428571429 0.13660887896825397 0.5525360449735449 0.13775272817460318 0.5608151455026454 0.13685391865079363 0.5677873677248677 0.1372624007936508 0.5692037037037037 0.13881498015873014 0.570728835978836