0 0.348087796875 0.45045800208333336 0.4384995046875 0.45045800208333336 0.4384995046875 0.37438326666666666 0.348087796875 0.37438326666666666 0.348087796875 0.45045800208333336
1 0.2582998515625 0.3529464291666667 0.3693142359375 0.3529464291666667 0.3693142359375 0.20756944375 0.2582998515625 0.20756944375 0.2582998515625 0.3529464291666667
1 0.1532279265625 0.4847767854166667 0.296816715625 0.4847767854166667 0.296816715625 0.30364913958333334 0.1532279265625 0.30364913958333334 0.1532279265625 0.4847767854166667
1 0.20993799531250001 0.6098148145833334 0.375349703125 0.6098148145833334 0.375349703125 0.38466931249999997 0.20993799531250001 0.38466931249999997 0.20993799531250001 0.6098148145833334
1 0 0.7079084000000001 0.191681546875 0.7079084000000001 0.191681546875 0.46040509166666665 0 0.46040509166666665 0 0.7079084000000001
1 0.6310342265625 0.30642691875 0.7848040671875001 0.30642691875 0.7848040671875001 0.18593419375 0.6310342265625 0.18593419375 0.6310342265625 0.30642691875
0 0.5878596234375 0.28019510625 0.6578149796874999 0.28019510625 0.6578149796874999 0.22811838541666668 0.5878596234375 0.22811838541666668 0.5878596234375 0.28019510625
1 0.0058916171875 0.9581679895833334 0.2525062 0.9581679895833334 0.2525062 0.5958597875 0.0058916171875 0.5958597875 0.0058916171875 0.9581679895833334
1 0.7133779765625 0.26866236875 0.8575297624999999 0.26866236875 0.8575297624999999 0.15451885 0.7133779765625 0.15451885 0.7133779765625 0.26866236875
1 0.8031646828125 0.32546461666666665 0.9704811515625 0.32546461666666665 0.9704811515625 0.19742559583333333 0.8031646828125 0.19742559583333333 0.8031646828125 0.32546461666666665
1 1 0.16502314791666667 0.8668154765624999 0.16502314791666667 0.8668154765624999 0.2839054229166667 1 0.2839054229166667 1 0.16502314791666667
2 0.28772495 0.45368783125 0.29366716249999997 0.4524368395833333 0.2978891375 0.44930952291666665 0.3000783734375 0.44451421875 0.299921875 0.4426375666666667 0.29538715312499997 0.43346395416666667 0.29272891875 0.4215796958333333 0.291165178125 0.41970304166666667 0.2881939484375 0.4188690479166667 0.2845974703125 0.41928604583333334 0.2803754953125 0.4215796958333333 0.278186259375 0.42408134999999997 0.2780297625 0.42616633541666665 0.2800627484375 0.4372166 0.2792807546875 0.44910118958333334 0.2817827375 0.45222850625 0.28772495 0.45368783125
2 0.21892113124999998 0.35110780416666665 0.2247068453125 0.35006514583333337 0.22799082343750002 0.34693783125 0.229398065625 0.3425595229166667 0.2247068453125 0.3335942458333333 0.2226741078125 0.32379464375 0.221423115625 0.3223353166666667 0.218295634375 0.32170965625000003 0.2151681546875 0.32212665416666664 0.211258928125 0.32379464375 0.2096951890625 0.3265052916666667 0.21157167656250003 0.33713855833333334 0.21157167656250003 0.3483974875 0.21407366093750002 0.35048214375 0.21892113124999998 0.35110780416666665
2 0.317279265625 0.23372420624999998 0.318373759375 0.23122255208333334 0.315402778125 0.22267394166666668 0.3139955359375 0.214334325 0.312275296875 0.21308333333333335 0.309304315625 0.21245767291666665 0.3058640875 0.21350033125 0.30383134843750004 0.21621064791666667 0.30476959375 0.2245505958333333 0.30383134843750004 0.23268187916666666 0.305082340625 0.23539219583333332 0.3099298109375 0.23685185208333334 0.3139955359375 0.23643485416666668 0.317279265625 0.23372420624999998
2 0.707392609375 0.19800330625 0.7108812 0.19862334583333335 0.7149513890625 0.19769312083333332 0.7169283234375 0.19552248749999998 0.7161143359375 0.18714947083333333 0.7169283234375 0.17908663958333332 0.7163467265625 0.17753604583333335 0.7140210812500001 0.17645072708333334 0.711927828125 0.1758306875 0.709485615625 0.17629563541666665 0.70750868125 0.1776911375 0.7065783734375 0.185598875 0.7035548109375 0.19443683958333333 0.704834078125 0.19676289583333334 0.707392609375 0.19800330625
2 0.7922842265625001 0.16513194375 0.7936798109375001 0.16358135 0.793330853125 0.15598379583333333 0.7944937999999999 0.14900628333333332 0.793330853125 0.1465254625 0.79077256875 0.14559523749999997 0.7885629953125 0.14575033125 0.7858883921875 0.14668055625 0.7841438484375 0.15489847916666666 0.7813529265625 0.16218584583333331 0.7825158734375 0.16451157500000002 0.786353421875 0.1662172625 0.790074653125 0.16590707708333333 0.7922842265625001 0.16513194375
2 0.8962475203125001 0.21180291041666666 0.8978754953125 0.20994246041666667 0.8978754953125 0.20156944375 0.8996200390625001 0.19319642916666666 0.8991547625 0.19211111041666667 0.8977594249999999 0.19071560833333334 0.8952008921875001 0.18994047708333334 0.8928752484375 0.18978538333333334 0.8904330359375001 0.19071560833333334 0.8891537703125 0.19226620416666668 0.8876421125 0.19970866458333333 0.8834556046875001 0.20746163958333333 0.8843859125 0.20932208958333334 0.8870607640625 0.21087268541666668 0.889386409375 0.21257837291666667 0.8918286203125 0.21288822708333335 0.8962475203125001 0.21180291041666666
2 0.9571835312499999 0.17567559583333334 0.9572998515625001 0.16730257916666666 0.9592767859375 0.15986011875 0.9585791171875 0.15799933958333331 0.9561369046875001 0.15691402083333333 0.9533459828125 0.15660383541666667 0.950438740625 0.15691402083333333 0.94927579375 0.15877480208333333 0.9477641374999999 0.16451157500000002 0.9438102671875 0.1724193125 0.9440426593750001 0.174125 0.9452056046875 0.17536541041666667 0.9479965281249999 0.17660582083333332 0.9516016859375 0.17707109791666667 0.954392609375 0.17707109791666667 0.9571835312499999 0.17567559583333334