0 0.45860863125 0.6921097875 0.5358705359375 0.6921097875 0.5358705359375 0.6218849208333334 0.45860863125 0.6218849208333334 0.45860863125 0.6921097875
0 0.6170994546874999 0.6844973541666667 0.6914025296874999 0.6844973541666667 0.6914025296874999 0.6156746041666668 0.6170994546874999 0.6156746041666668 0.6170994546874999 0.6844973541666667
1 0.0614533734375 0.6834209645833333 0.2306547625 0.6834209645833333 0.2306547625 0.5483912041666666 0.0614533734375 0.5483912041666666 0.0614533734375 0.6834209645833333
1 0.18849330312499998 0.61232308125 0.33247891875 0.61232308125 0.33247891875 0.49566633541666666 0.18849330312499998 0.49566633541666666 0.18849330312499998 0.61232308125
1 0.25118675625 0.6747883604166667 0.40881324374999994 0.6747883604166667 0.40881324374999994 0.5425132270833333 0.25118675625 0.5425132270833333 0.25118675625 0.6747883604166667
1 0.3465327375 0.6040558854166667 0.48294146875 0.6040558854166667 0.48294146875 0.49235945833333333 0.3465327375 0.49235945833333333 0.3465327375 0.6040558854166667
1 0.4975483625 0.59688988125 0.6285825890625001 0.59688988125 0.6285825890625001 0.48684689166666667 0.4975483625 0.48684689166666667 0.4975483625 0.59688988125
1 0.6398821921875 0.5939500666666666 0.7733965781250001 0.5939500666666666 0.7733965781250001 0.4846412041666667 0.6398821921875 0.4846412041666667 0.6398821921875 0.5939500666666666
1 0.7414298109375 0.6501703041666667 0.886933284375 0.6501703041666667 0.886933284375 0.5285532416666666 0.7414298109375 0.5285532416666666 0.7414298109375 0.6501703041666667
1 0.8144580859375001 0.5860515875 0.9357105656250001 0.5860515875 0.9357105656250001 0.4861111104166667 0.8144580859375001 0.4861111104166667 0.8144580859375001 0.5860515875
1 1 0.5263459 0.9325396828124999 0.5263459 0.9325396828124999 0.6384093916666667 1 0.6384093916666667 1 0.5263459
2 0.8248821921875 0.54599966875 0.8243918656250001 0.5384828041666666 0.82569915625 0.5314017854166667 0.825372271875 0.52976785625 0.8234114578125 0.5280248020833334 0.8215322421875 0.5270443125 0.8193263890625 0.5266084645833333 0.8172837296875001 0.52737103125 0.8163033234375 0.5284606479166667 0.8151594734375 0.5346699729166667 0.8117279265624999 0.5414242729166666 0.812136409375 0.5431673270833334 0.8136071421875 0.5446924604166666 0.81556795625 0.5464355166666667 0.817773809375 0.54741600625 0.81981646875 0.5477427250000001 0.8230845734375001 0.54741600625 0.8248821921875 0.54599966875
2 0.7064114578125 0.500136575 0.7083725203125 0.5011170625 0.7108236609375 0.5012258604166667 0.7133563984375 0.5003544979166666 0.7145818453125 0.4988293645833333 0.713683284375 0.4925109125 0.7145818453125 0.4856478166666667 0.7140099203125 0.48412268541666664 0.711722221875 0.48281547708333333 0.7094345234375 0.482488425 0.7069833828125 0.48314219583333334 0.7059213796875 0.48488525208333333 0.705512896875 0.4903320104166667 0.7028983140625 0.4967595895833333 0.704123759375 0.4988293645833333 0.7064114578125 0.500136575
2 0.561387153125 0.5029689145833334 0.5635932546875 0.5038406083333333 0.56661631875 0.5034047625 0.568413690625 0.5027509916666667 0.5696393843750001 0.5010079375000001 0.5684955359375 0.49392691875 0.5688221718750001 0.48749966875 0.56776016875 0.48619246041666664 0.565880953125 0.4853207666666667 0.5639201390624999 0.48521197083333334 0.5621225203125 0.4856478166666667 0.56073363125 0.48739087291666666 0.5605701890625 0.4929467583333333 0.558609375 0.49991864999999996 0.558690971875 0.4998098541666666 0.5595079359375 0.50166170625 0.561387153125 0.5029689145833334
2 0.419876240625 0.50699966875 0.4212651296875 0.5049298937500001 0.419467509375 0.49795767291666665 0.419304315625 0.4915304229166667 0.4183236609375 0.4903320104166667 0.4165262890625 0.48946064791666666 0.41456547656250003 0.48946064791666666 0.41301289687500004 0.4900052916666667 0.4115424109375 0.49142162708333337 0.4112971234375 0.493382275 0.411460565625 0.4994828041666667 0.4100716765625 0.5050386895833333 0.4109704859375 0.50699966875 0.4126044140625 0.5080889541666667 0.4155458828125 0.508742725 0.4180786203125 0.50819808125 0.419876240625 0.50699966875
2 0.3342504953125 0.5639745375 0.336211309375 0.5616868395833333 0.336783234375 0.5602705020833334 0.3344139390625 0.5526448416666666 0.33400545625 0.5457817458333333 0.3332700890625 0.5444745375 0.3316359125 0.5437119708333333 0.3292666171875 0.5434940479166667 0.3272239578125 0.5441478166666667 0.3248546625 0.54567295 0.3243643359375 0.54719808125 0.3246912203125 0.5544970229166667 0.323383928125 0.5616868395833333 0.3237924109375 0.5632119708333333 0.3250178578125 0.5643012562499999 0.32730555625 0.5653908729166666 0.329184771875 0.5653908729166666 0.3317993546875 0.5652817458333333 0.3342504953125 0.5639745375
2 0.262677828125 0.5121197083333333 0.26480233124999997 0.5103766541666667 0.2656192953125 0.50906944375 0.26480233124999997 0.5063459 0.26333159687499996 0.5023154770833334 0.262514384375 0.49512533124999997 0.26145238125 0.49370932500000003 0.25965476249999997 0.4931643520833333 0.25777579375 0.493382275 0.255733134375 0.49392691875 0.253935515625 0.49534325416666664 0.253527034375 0.49654166666666666 0.2540173609375 0.5038406083333333 0.2532001484375 0.5103766541666667 0.2543439984375 0.5122288354166666 0.2561416171875 0.512882275 0.25810243125 0.5132093249999999 0.2598182046875 0.51342691875 0.262677828125 0.5121197083333333
2 0.14804737031249998 0.5699662708333334 0.15066195468750002 0.56756944375 0.151397321875 0.5653908729166666 0.14837425625 0.5579828041666667 0.1469853671875 0.5504662708333333 0.1461681546875 0.54948578125 0.1446974203125 0.5486140875000001 0.1417562 0.5488320104166667 0.1397953875 0.5493766541666666 0.1380796125 0.55035714375 0.1366088796875 0.5525360458333334 0.137752728125 0.5608151458333333 0.13685391875 0.56778736875 0.1372624015625 0.5692037041666667 0.1388149796875 0.5707288354166666 0.1419196421875 0.5712734791666667 0.14445238124999998 0.5712734791666667 0.14804737031249998 0.5699662708333334