0 0.35218253958333334 0.44146825468750006 0.5555555562500001 0.44146825468750006 0.5555555562500001 0.34474206406249996 0.35218253958333334 0.34474206406249996 0.35218253958333334 0.44146825468750006
0 0.42989417916666667 0.5679563484375 0.674603175 0.5679563484375 0.674603175 0.4389880953125 0.42989417916666667 0.4389880953125 0.42989417916666667 0.5679563484375
0 0.09755291041666667 0.6646825390625 0.3654100520833333 0.6646825390625 0.3654100520833333 0.5109126984375 0.09755291041666667 0.5109126984375 0.09755291041666667 0.6646825390625
0 0.13558201041666665 0.952380953125 0.47784391458333336 0.952380953125 0.47784391458333336 0.6944444437499999 0.13558201041666665 0.6944444437499999 0.13558201041666665 0.952380953125
1 0.46296296249999996 0.2914186515625 0.6679894187500001 0.2914186515625 0.6679894187500001 0.150049603125 0.46296296249999996 0.150049603125 0.46296296249999996 0.2914186515625
1 0.5472883604166667 0.34970238125 0.7969576729166667 0.34970238125 0.7969576729166667 0.1835317453125 0.5472883604166667 0.1835317453125 0.5472883604166667 0.34970238125
1 0.6729497354166667 0.2380952375 0.8680555562500001 0.2380952375 0.8680555562500001 0.0917658734375 0.6729497354166667 0.0917658734375 0.6729497354166667 0.2380952375
1 0.5787037041666667 0.1773313484375 0.74404761875 0.1773313484375 0.74404761875 0.075644840625 0.5787037041666667 0.075644840625 0.5787037041666667 0.1773313484375
1 0.674603175 0.1103670640625 0.8035714291666667 0.1103670640625 0.8035714291666667 0.034722221875 0.674603175 0.034722221875 0.674603175 0.1103670640625
1 0.7539682541666667 0.16493055625 0.9093915354166667 0.16493055625 0.9093915354166667 0.04092261875 0.7539682541666667 0.04092261875 0.7539682541666667 0.16493055625
2 0.7665575395833333 0.12176165624999999 0.7747070104166667 0.12151959375000002 0.7793872354166667 0.1200672125 0.7831795625000001 0.11758581406249999 0.78116236875 0.11304712343750001 0.7793065479166666 0.1082661203125 0.7787417333333334 0.099491071875 0.77833829375 0.0985228171875 0.7743842583333334 0.09834127031249999 0.7682519833333333 0.098825396875 0.7651858458333333 0.09943055625 0.7620386895833333 0.100943453125 0.7617159395833333 0.10179067500000001 0.7616352520833334 0.11020262968750001 0.7590532416666667 0.1198251484375 0.75994080625 0.1210959828125 0.7624421291666666 0.1218826890625 0.7665575395833333 0.12176165624999999
2 0.6631931208333334 0.098825396875 0.66561375625 0.0976755953125 0.6660175270833334 0.096586309375 0.6660175270833334 0.095133928125 0.6642420625 0.088355903125 0.6635158729166667 0.0808516859375 0.66254761875 0.08024652812500001 0.65940079375 0.0798229171875 0.6548015875 0.0801860125 0.65173511875 0.08097271874999999 0.64874966875 0.08278819375 0.6493144833333333 0.0903529265625 0.6478621041666667 0.09640476249999999 0.6477814145833333 0.099491071875 0.65149305625 0.1001567453125 0.6535909395833334 0.0999751984375 0.6598042333333333 0.0997936515625 0.6631931208333334 0.098825396875
2 0.7233075395833333 0.053013392187499994 0.7250019833333333 0.05392137968750001 0.7280681208333333 0.0541029265625 0.7346848541666666 0.05392137968750001 0.7370248020833333 0.053315971875 0.7392840604166667 0.0521056546875 0.7401716270833333 0.0507137890625 0.7382351187499999 0.0439357640625 0.73799305625 0.0377631453125 0.7374282416666667 0.03703670625 0.7354917333333333 0.0367946421875 0.7325062833333333 0.036734126562500004 0.7292784395833334 0.036976190625 0.7263736770833333 0.037944692187500004 0.7251633604166667 0.0396391375 0.7252440479166666 0.0458725203125 0.7236302916666666 0.0512584328125 0.7233075395833333 0.053013392187499994
2 0.8411957666666667 0.0466592265625 0.8387751312499999 0.0459935515625 0.8329656083333333 0.04629613125 0.8290922625 0.0470828375 0.8271557541666666 0.0481721234375 0.8267523145833333 0.05398189531249999 0.8264295625 0.0562814984375 0.8231213625 0.0631200390625 0.8235248020833333 0.0646329359375 0.82481580625 0.0652986109375 0.8300605166666667 0.065722221875 0.837 0.06535912656250001 0.8400661374999999 0.0645119046875 0.8424871041666666 0.06275694375 0.8428098541666666 0.0612438 0.8426484791666666 0.0590047125 0.8415992062500001 0.0542239578125 0.84151851875 0.0473249015625 0.8411957666666667 0.0466592265625