0 0.1338045625 0.6535230656250001 0.4043568125 0.6535230656250001 0.4043568125 0.48266741093750004 0.1338045625 0.48266741093750004 0.1338045625 0.6535230656250001
1 0.49437830625 0.931299603125 0.9854497354166667 0.931299603125 0.9854497354166667 0.47743055625 0.49437830625 0.47743055625 0.49437830625 0.931299603125
1 0.40674603125 0.497271825 0.712632275 0.497271825 0.712632275 0.252976190625 0.40674603125 0.252976190625 0.40674603125 0.497271825
1 0.14054232708333333 0.3571428578125 0.42658730208333334 0.3571428578125 0.42658730208333334 0.1240079359375 0.14054232708333333 0.1240079359375 0.14054232708333333 0.3571428578125
1 0.3406084645833333 0.3087797625 0.5605158729166667 0.3087797625 0.5605158729166667 0.1326884921875 0.3406084645833333 0.1326884921875 0.3406084645833333 0.3087797625
1 0.15542328125 0.18725198437499999 0.3786375666666667 0.18725198437499999 0.3786375666666667 0.047123015625 0.15542328125 0.047123015625 0.15542328125 0.18725198437499999
1 0.32572751250000004 0.1922123015625 0.5042989416666667 0.1922123015625 0.5042989416666667 0.05208333281250001 0.32572751250000004 0.05208333281250001 0.32572751250000004 0.1922123015625
1 0.14715608541666667 0 0.14715608541666667 0.1041666671875 0.3224206354166667 0.1041666671875 0.3224206354166667 0 0.14715608541666667 0
1 0.2827380958333333 0 0.2827380958333333 0.1041666671875 0.44477513125 0.1041666671875 0.44477513125 0 0.2827380958333333 0
2 0.7799887562500001 0.6340714281250001 0.783011575 0.6375853171875 0.7898125 0.6439327875 0.8009259249999999 0.6493055562500001 0.8091570770833333 0.651073909375 0.81520238125 0.6511872515625 0.8203409395833333 0.6496001984374999 0.8214285708333333 0.6473214281249999 0.82473545 0.643601190625 0.8315244708333334 0.634184771875 0.8462301583333333 0.6235119046875 0.8484513895833333 0.620696428125 0.8484513895833333 0.616955853125 0.8452380958333333 0.612103175 0.837632275 0.6054067453124999 0.8278974875 0.6014270828125 0.8200386895833333 0.6001803078125 0.8167989416666667 0.6019345234375 0.8088548270833333 0.6069811515625 0.8034140208333334 0.6112884421875 0.7919973541666666 0.615079365625 0.7824074083333333 0.6183035718750001 0.7792331354166666 0.6199030265625 0.7781084645833333 0.6227678578125 0.7768151458333333 0.628290675 0.7799887562500001 0.6340714281250001
2 0.58109986875 0.3274637890625 0.5907724875 0.332564484375 0.5996891541666667 0.334831596875 0.6069434520833333 0.33415128906249997 0.6091269833333333 0.3298611109375 0.6123842583333333 0.3207762890625 0.6208475520833333 0.3084213796875 0.61937830625 0.3070436515625 0.6170634916666666 0.30357142812500004 0.6104497354166667 0.299851190625 0.6034672625 0.2990133921875 0.5974222875 0.300146825 0.5903191145833334 0.309894840625 0.5773217583333333 0.31998288750000003 0.5774728833333334 0.3239499015625 0.58109986875 0.3274637890625
2 0.2916666666666667 0.178075396875 0.2951593916666667 0.1804508921875 0.3009024479166667 0.18317113125 0.30876124375 0.1852115578125 0.3164689145833333 0.186118303125 0.32326984166666667 0.18407787656250002 0.32281646875000003 0.177277034375 0.32296759166666666 0.170589534375 0.3256881604166667 0.16458209375 0.3288617729166667 0.15936805625 0.3278039020833334 0.1565342265625 0.32342096458333336 0.1525669640625 0.3151087958333333 0.149280009375 0.30936574166666664 0.1484866078125 0.30452976249999997 0.14973338281249998 0.30324074166666665 0.15302579375 0.2996934520833333 0.16163492031249999 0.29364814791666666 0.1676423609375 0.28896296250000003 0.17330977187500002 0.2906746041666667 0.1758432546875 0.2916666666666667 0.178075396875