0 0.4538690476190476 0.3931051587301587 0.20337301587301587 0.09672619047619048
0 0.5522486772486772 0.5034722222222222 0.2447089947089947 0.12896825396825398
0 0.23148148148148148 0.5877976190476191 0.26785714285714285 0.15376984126984128
0 0.30671296296296297 0.8234126984126984 0.34226190476190477 0.25793650793650796
1 0.5654761904761905 0.22073412698412698 0.20502645502645503 0.14136904761904762
1 0.6721230158730159 0.2666170634920635 0.24966931216931218 0.1661706349206349
1 0.7705026455026455 0.16493055555555555 0.19510582010582012 0.1463293650793651
1 0.6613756613756614 0.12648809523809523 0.16534391534391535 0.10168650793650794
1 0.7390873015873016 0.07254464285714286 0.12896825396825398 0.07564484126984126
1 0.8316798941798942 0.1029265873015873 0.15542328042328044 0.12400793650793651
2 0.7599408068783069 0.12109598214285715 0.7624421296296297 0.12188268849206349 0.7665575396825397 0.12176165674603175 0.7747070105820105 0.12151959325396824 0.7793872354497355 0.1200672123015873 0.7831795634920635 0.11758581349206348 0.7811623677248678 0.11304712301587301 0.7793065476190476 0.10826612103174603 0.7787417328042328 0.09949107142857143 0.7783382936507937 0.09852281746031746 0.7743842592592592 0.09834126984126984 0.7682519841269841 0.09882539682539683 0.7651858465608465 0.09943055555555555 0.7620386904761905 0.10094345238095238 0.7617159391534392 0.1017906746031746 0.7616352513227513 0.11020262896825396 0.7590532407407408 0.1198251488095238
2 0.6535909391534391 0.09997519841269842 0.6598042328042328 0.0997936507936508 0.6631931216931217 0.09882539682539683 0.6656137566137567 0.09767559523809523 0.6660175264550264 0.09658630952380952 0.6660175264550264 0.09513392857142856 0.6642420634920635 0.08835590277777777 0.663515873015873 0.08085168650793652 0.662547619047619 0.08024652777777777 0.6594007936507936 0.07982291666666667 0.6548015873015872 0.0801860119047619 0.651735119047619 0.08097271825396826 0.6487496693121693 0.08278819444444445 0.6493144841269841 0.09035292658730158 0.6478621031746031 0.09640476190476191 0.6477814153439154 0.09949107142857143 0.6514930555555556 0.10015674603174603
2 0.723630291005291 0.05125843253968254 0.7252440476190476 0.04587251984126984 0.7251633597883597 0.0396391369047619 0.7263736772486773 0.03794469246031746 0.7292784391534393 0.036976190476190475 0.7325062830687831 0.03673412698412698 0.7354917328042327 0.03679464285714286 0.7374282407407408 0.03703670634920635 0.7379930555555555 0.03776314484126984 0.738235119047619 0.04393576388888889 0.740171626984127 0.05071378968253969 0.7392840608465607 0.05210565476190476 0.7370248015873015 0.05331597222222222 0.7346848544973544 0.05392137896825397 0.7280681216931216 0.054102926587301585 0.7250019841269841 0.05392137896825397 0.7233075396825397 0.053013392857142856
2 0.8415992063492064 0.054223958333333336 0.8415185185185186 0.047324900793650794 0.8411957671957672 0.04665922619047619 0.8387751322751323 0.04599355158730159 0.8329656084656084 0.04629613095238095 0.8290922619047619 0.0470828373015873 0.8271557539682539 0.048172123015873015 0.8267523148148148 0.05398189484126984 0.8264295634920635 0.05628149801587302 0.8231213624338625 0.06312003968253968 0.8235248015873016 0.06463293650793651 0.8248158068783069 0.06529861111111111 0.8300605158730159 0.06572222222222222 0.8370000000000001 0.06535912698412699 0.8400661375661376 0.06451190476190477 0.8424871031746032 0.06275694444444445 0.8428098544973546 0.0612437996031746 0.8426484788359788 0.059004712301587305