1 0.12884424603174602 0.7766567460317461 0.24809523809523812 0.3602843915343915
1 0.09530257936507937 0.5852612433862434 0.19060515873015874 0.2461706349206349
1 0.2942956349206349 0.49764550264550267 0.16635168650793652 0.22608465608465605
1 0.2249206349206349 0.3943849206349206 0.1428720238095238 0.18122685185185183
1 0.31407490079365075 0.28078703703703706 0.11187003968253968 0.14539351851851853
1 0.7079960317460318 0.24604497354497354 0.15269097222222222 0.12290013227513227
1 0.7854166666666668 0.2109887566137566 0.143484623015873 0.11231150793650793
1 0.8871354166666666 0.26139550264550265 0.1682514880952381 0.1270568783068783
1 0.9332514880952381 0.22429563492063492 0.13349950396825397 0.11586640211640212
0 0.394171626984127 0.41213955026455024 0.0913764880952381 0.07713955026455027
0 0.6235367063492063 0.25449404761904765 0.0696875 0.05540343915343915
2 0.9501924603174603 0.17687863756613756 0.9528015873015873 0.17705555555555558 0.9547914186507936 0.17705555555555558 0.9572234623015873 0.1751689814814815 0.9572234623015873 0.16726818783068784 0.9593018353174604 0.15948578042328043 0.9584615575396825 0.1583065476190476 0.9566485615079364 0.15742195767195766 0.954437748015873 0.1568915343915344 0.951873015873016 0.1567146164021164 0.9501041666666667 0.15736309523809525 0.9494407242063492 0.15883697089947088 0.9478048115079365 0.16520469576719576 0.9439134424603174 0.1722208994708995 0.9440017361111112 0.17351818783068784 0.945062996031746 0.17469708994708993 0.9466108630952381 0.1757585978835979
2 0.8977202380952382 0.21048445767195767 0.8976666666666666 0.20169642857142855 0.8997564484126984 0.19319411375661377 0.8990597718253969 0.19183664021164024 0.8968092757936508 0.19055059523809526 0.8950409226190476 0.1901216931216931 0.8927366071428572 0.18990740740740739 0.8908611111111112 0.19033630952380953 0.8897358630952381 0.19119345238095237 0.8876460813492063 0.19905291005291006 0.8842165178571428 0.20619742063492066 0.8837879464285714 0.20719775132275134 0.8840022321428571 0.208698082010582 0.8852346230158731 0.21005555555555555 0.8876460813492063 0.21127017195767195 0.8901646825396825 0.2121990740740741 0.8927366071428572 0.2123419312169312 0.8953623511904762 0.21198478835978837
2 0.786905009920635 0.16597255291005292 0.789798611111111 0.16597255291005292 0.7919957837301588 0.16547255291005292 0.7934424603174602 0.16397189153439154 0.7933353174603175 0.15611276455026454 0.7945679563492063 0.14832506613756616 0.7935496031746032 0.14711044973544973 0.791781498015873 0.1461815476190476 0.7896914682539683 0.14589583333333334 0.7870659722222222 0.14611011904761903 0.7862621527777778 0.14653902116402118 0.7855119047619048 0.14775330687830687 0.784279513888889 0.154755291005291 0.7813320932539682 0.16218584656084656 0.7817609126984126 0.16340046296296296 0.7833685515873016 0.16475793650793652
2 0.7037936507936507 0.1940515873015873 0.7062586805555556 0.187406746031746 0.7076520337301587 0.1779044312169312 0.7093665674603175 0.17611805555555557 0.7113494543650793 0.17583234126984126 0.7132785218253967 0.17604662698412699 0.7145109126984127 0.17661838624338627 0.7161721230158731 0.17776157407407409 0.7167614087301587 0.17897619047619048 0.7168685515873017 0.18019047619047618 0.7159575892857143 0.187406746031746 0.7166006944444444 0.1950515873015873 0.7156897321428571 0.196837962962963 0.7141894841269841 0.19776686507936508 0.7114565972222222 0.19812400793650792 0.7085094246031746 0.19805257936507933 0.7063122519841271 0.19726653439153438 0.7046510416666666 0.19619477513227512
2 0.30440749007936513 0.23313789682539682 0.30496875 0.22438095238095238 0.30401463293650793 0.21652248677248678 0.30407068452380953 0.21517526455026456 0.30603546626984124 0.2136035052910053 0.3078315972222222 0.2131544312169312 0.3104699900793651 0.21292989417989416 0.3123784722222222 0.21330423280423283 0.3135572916666666 0.2141273148148148 0.31512896825396824 0.2229589947089947 0.3177110615079365 0.22999437830687833 0.3182723214285714 0.23104199735449737 0.3178794642857143 0.2329133597883598 0.3167006448412698 0.2341855158730159 0.3141185515873016 0.2355327380952381 0.31091889880952384 0.23590707671957672 0.3071019345238095 0.23590707671957672 0.30519345238095236 0.23493386243386244
2 0.2160548115079365 0.35041765873015873 0.22065749007936508 0.35034292328042327 0.22469915674603175 0.34951951058201053 0.22705679563492065 0.3472741402116402 0.22817931547619047 0.3460767195767196 0.22907738095238095 0.34420568783068783 0.22890897817460318 0.342110119047619 0.22469915674603175 0.33380224867724867 0.22234151785714285 0.32324933862433863 0.2204330357142857 0.32197718253968255 0.21886135912698412 0.3217526455026455 0.21655977182539682 0.3217526455026455 0.21409002976190478 0.3224262566137566 0.21190079365079365 0.32347387566137564 0.21027306547619048 0.3251954365079365 0.20988020833333332 0.3269166666666667 0.2108343253968254 0.3322304894179894 0.21178869047619048 0.3369457671957672 0.2116763392857143 0.3480975529100529 0.21330431547619047 0.34951951058201053
2 0.2950272817460317 0.4333445767195767 0.29290724206349206 0.4220386904761904 0.2918172123015873 0.42050429894179897 0.28987896825396825 0.4194543650793651 0.28763789682539687 0.41905059523809524 0.28509399801587304 0.41929265873015875 0.28267137896825395 0.4201812169312169 0.28000644841269845 0.421957671957672 0.2785528273809524 0.42373445767195766 0.2779469246031746 0.4257533068783069 0.2802485119047619 0.4370595238095238 0.27934002976190475 0.4484460978835979 0.2801274801587301 0.45046527777777784 0.2825500992063492 0.45175727513227515 0.2847306547619048 0.45264550264550263 0.2882435515873016 0.45304927248677246 0.29193824404761903 0.45248412698412693 0.29575396825396827 0.4505459656084656 0.29841914682539683 0.44763855820105825 0.29981200396825397 0.44561970899470904 0.29981200396825397 0.4431164021164021