1 0.1463293650793651 0.6175595238095238 0.16865079365079366 0.13723544973544974
1 0.26119047619047614 0.5541005291005291 0.14414930555555555 0.11776785714285715
1 0.33001736111111113 0.6078571428571429 0.1584201388888889 0.13182539682539682
1 0.4143377976190476 0.5475066137566138 0.1367137896825397 0.11200066137566138
1 0.5628869047619047 0.5417691798941798 0.13077380952380951 0.10924272486772488
1 0.7065897817460317 0.5388227513227514 0.1328844246031746 0.10833002645502644
1 0.8141716269841269 0.5893551587301588 0.1450496031746032 0.12170634920634921
1 0.8748759920634921 0.5350033068783069 0.12142361111111111 0.09879960317460316
1 0.9662301587301587 0.5822949735449735 0.06753968253968254 0.11238756613756615
0 0.6542633928571429 0.6498611111111111 0.07379712301587302 0.06735449735449736
0 0.4968675595238095 0.6571759259259259 0.07625248015873015 0.07035052910052911
2 0.1424831349206349 0.5714500661375661 0.14583482142857143 0.5709441137566138 0.1491235119047619 0.5688359788359789 0.1511470734126984 0.5663905423280423 0.15146329365079367 0.5645357142857143 0.14849107142857143 0.5577053571428572 0.14709970238095238 0.5508753306878307 0.14589806547619047 0.5494417989417989 0.14368452380952382 0.5487671957671958 0.14083878968253968 0.5490201719576719 0.13773983134920634 0.5507066798941799 0.13641195436507939 0.5528148148148148 0.13761334325396823 0.5594761904761905 0.1368546626984127 0.5685830026455027 0.13818253968253968 0.5703538359788359 0.14026959325396826 0.5711127645502646
2 0.2589737103174603 0.5133521825396825 0.26162996031746033 0.5127619047619048 0.26422296626984126 0.5112440476190476 0.26567733134920635 0.5088829365079366 0.2634007936507936 0.5017999338624338 0.2626418650793651 0.4951385582010582 0.26162996031746033 0.4936207010582011 0.2596061507936508 0.4929460978835979 0.25726636904761907 0.49319907407407404 0.254546875 0.49429530423280427 0.2534717261904762 0.49615046296296295 0.2541041666666667 0.503317791005291 0.2530290178571428 0.5103164682539683 0.2547366071428571 0.5123402777777778
2 0.32655431547619046 0.5649884259259259 0.32928199404761904 0.5655079365079365 0.33193179563492065 0.5652999338624339 0.33465972222222223 0.5639490740740741 0.33684201388888885 0.5612473544973545 0.33699776785714286 0.5593769841269841 0.33442584325396824 0.5528300264550264 0.3338802083333333 0.5452443783068783 0.3326334325396826 0.5439973544973545 0.3299833829365079 0.5437896825396825 0.32663219246031744 0.5443091931216931 0.3244499007936508 0.5459718915343915 0.32468377976190477 0.5539732142857142 0.323281001984127 0.5615591931216931 0.3239823908730159 0.5636372354497354
2 0.40986855158730157 0.5056524470899472 0.4115830853174603 0.50773082010582 0.41524603174603175 0.5088740079365079 0.4181297123015873 0.5082503306878308 0.42054588293650796 0.506899470899471 0.4215590277777778 0.504717261904762 0.41968849206349207 0.49796296296296294 0.41914285714285715 0.49110449735449735 0.41735044642857144 0.48985747354497355 0.41540203373015877 0.4895456349206349 0.4129858630952381 0.4896494708994709 0.41142733134920634 0.49141600529100526 0.4112713293650794 0.4990019841269841
2 0.5586059027777778 0.499916335978836 0.5595181051587301 0.5014027777777778 0.5608859126984127 0.502618716931217 0.562811259920635 0.5036319444444445 0.564939484126984 0.5040373677248677 0.5673715277777778 0.5033617724867725 0.5693474702380952 0.501470238095238 0.569702132936508 0.5006597222222222 0.5684861111111111 0.4942417328042328 0.5687901785714286 0.48748611111111106 0.5678779761904762 0.48640509259259257 0.566155505952381 0.4854593253968254 0.5641287202380952 0.4852566137566137 0.5622033730158731 0.48572949735449733 0.5608353174603175 0.4872833994708995 0.5606832837301587 0.493093253968254
2 0.7028246527777778 0.4966795634920635 0.7040577876984127 0.4985806878306879 0.7054449404761904 0.4998650793650794 0.7068707837301588 0.5006871693121693 0.7093370535714286 0.5013551587301587 0.7124967757936508 0.5008928571428571 0.714423363095238 0.4990429894179894 0.7138454861111111 0.4924153439153439 0.7144620535714286 0.48553042328042323 0.7142306547619047 0.4844513888888889 0.7123425099206349 0.4835267857142857 0.7100305059523809 0.4828075396825397 0.7083735119047618 0.48275595238095237 0.7067552083333334 0.4833210978835979 0.706061507936508 0.48470833333333335 0.7054449404761904 0.4901547619047619
2 0.8118963293650793 0.541093253968254 0.8150376984126984 0.5347675264550265 0.8165121527777778 0.5280145502645502 0.8176981646825396 0.5268607804232804 0.8192368551587301 0.5266041666666667 0.8212884424603174 0.526817791005291 0.8226989087301587 0.5272453703703704 0.824141369047619 0.5284847883597883 0.8252953869047619 0.5301944444444444 0.8257760416666666 0.53151917989418 0.8252631448412698 0.533827380952381 0.8242695932539682 0.5381011904761905 0.824750496031746 0.5457946428571429 0.8232757936507936 0.5469487433862433 0.8214486607142858 0.547504298941799 0.8195575396825397 0.5477179232804232 0.8174097222222222 0.547504298941799 0.8148772321428571 0.5459656084656085 0.8132105654761904 0.5442559523809524 0.8120565476190477 0.5427172619047619