1 0.24305555555555555 0.7105654761904762 0.4861111111111111 0.39186507936507936
0 0.25049603174603174 0.5499751984126984 0.21329365079365079 0.07068452380952381
0 0.5822486772486772 0.5291319444444444 0.20880952380952383 0.10490079365079365
0 0.4861772486772487 0.4259672619047619 0.17399801587301586 0.07615575396825397
1 0.7060185185185185 0.3255208333333333 0.20833333333333334 0.14756944444444445
1 0.609292328042328 0.27529761904761907 0.19014550264550265 0.12648809523809523
1 0.8010912698412699 0.24987599206349206 0.1736111111111111 0.12028769841269842
1 0.6969246031746031 0.2058531746031746 0.14054232804232805 0.09176587301587301
1 0.8564814814814815 0.19283234126984128 0.1455026455026455 0.11036706349206349
1 0.7614087301587301 0.1593501984126984 0.1173941798941799 0.05580357142857143
2 0.7980704365079364 0.20060590277777776 0.8036980820105819 0.20140228174603175 0.8102814153439154 0.2002078373015873 0.813573082010582 0.19853546626984128 0.8132546296296297 0.195827876984127 0.8125112433862435 0.19319965277777779 0.8120866402116402 0.18953645833333332 0.813042328042328 0.182687748015873 0.8113432539682539 0.18101512896825395 0.8079454365079365 0.18029861111111112 0.8024239417989418 0.18029861111111112 0.7970085978835979 0.18117460317460318 0.7958406084656084 0.18364335317460317 0.7956283068783069 0.18961607142857143 0.7923366402116402 0.1947924107142857 0.7922304894179893 0.19757986111111112 0.7939292328042329 0.19941145833333335
2 0.6859414682539682 0.17153844246031746 0.6888082010582011 0.16476934523809525 0.6896577380952381 0.15752232142857142 0.6924186507936507 0.15624801587301587 0.6969844576719577 0.1560887896825397 0.700488425925926 0.15624801587301587 0.7028244047619048 0.15680555555555556 0.7029305555555555 0.16365426587301588 0.7043108465608465 0.17153844246031746 0.7021871693121694 0.17305158730158732 0.6981524470899472 0.17400719246031746 0.6934804894179895 0.17400719246031746 0.6895515873015874 0.17392757936507935 0.6873217592592592 0.1732904265873016
2 0.7631362433862434 0.14032068452380952 0.76642791005291 0.13992237103174604 0.769082671957672 0.13904637896825398 0.7701445105820105 0.1378519345238095 0.7694011243386243 0.13164012896825397 0.7699318783068783 0.12566741071428572 0.7694011243386243 0.12479141865079364 0.7671712962962963 0.12439335317460316 0.7638796296296297 0.12415426587301587 0.7605879629629629 0.12471180555555555 0.7584642857142857 0.1259858630952381 0.7580396825396825 0.13028645833333335 0.7555972222222223 0.13594072420634923 0.7561283068783069 0.13745362103174602 0.757933201058201 0.13912599206349208 0.7601630291005291 0.14000223214285715
2 0.8527546296296297 0.15632762896825397 0.8566835317460317 0.15736309523809525 0.8613554894179895 0.15752232142857142 0.8652840608465608 0.15664632936507936 0.8668769841269842 0.15577033730158732 0.8674077380952382 0.15385887896825398 0.8668769841269842 0.14780654761904763 0.8671954365079365 0.14119667658730156 0.8657089947089948 0.14016145833333332 0.8623111772486772 0.13968353174603174 0.8582761243386244 0.14016145833333332 0.8542410714285714 0.14127628968253966 0.8532857142857142 0.14748809523809525 0.8494629629629629 0.1539387400793651 0.8502063492063492 0.1552924107142857