1 0 0.906498015625 0.4861111104166667 0.906498015625 0.4861111104166667 0.5146329359374999 0 0.5146329359374999 0 0.906498015625
0 0.14384920625 0.5853174609375 0.35714285625000003 0.5853174609375 0.35714285625000003 0.5146329359374999 0.14384920625 0.5146329359374999 0.14384920625 0.5853174609375
0 0.47784391458333336 0.581582340625 0.6866534395833334 0.581582340625 0.6866534395833334 0.476681546875 0.47784391458333336 0.476681546875 0.47784391458333336 0.581582340625
0 0.39917824166666666 0.46404513906249995 0.5731762562499999 0.46404513906249995 0.5731762562499999 0.387889384375 0.39917824166666666 0.387889384375 0.39917824166666666 0.46404513906249995
1 0.6018518520833334 0.39930555624999997 0.8101851854166667 0.39930555624999997 0.8101851854166667 0.2517361109375 0.6018518520833334 0.2517361109375 0.6018518520833334 0.39930555624999997
1 0.5142195770833333 0.3385416671875 0.7043650791666667 0.3385416671875 0.7043650791666667 0.21205357187499999 0.5142195770833333 0.21205357187499999 0.5142195770833333 0.3385416671875
1 0.7142857145833333 0.310019840625 0.887896825 0.310019840625 0.887896825 0.1897321421875 0.7142857145833333 0.1897321421875 0.7142857145833333 0.310019840625
1 0.6266534395833333 0.2517361109375 0.7671957666666667 0.2517361109375 0.7671957666666667 0.1599702375 0.6266534395833333 0.1599702375 0.6266534395833333 0.2517361109375
1 0.7837301583333333 0.24801587343749998 0.9292328041666666 0.24801587343749998 0.9292328041666666 0.137648809375 0.7837301583333333 0.137648809375 0.7837301583333333 0.24801587343749998
1 0.7027116395833333 0.18725198437499999 0.8201058208333334 0.18725198437499999 0.8201058208333334 0.1314484125 0.7027116395833333 0.1314484125 0.7027116395833333 0.18725198437499999
2 0.8102814145833332 0.20020783749999999 0.81357308125 0.198535465625 0.8132546291666666 0.1958278765625 0.8125112437500001 0.193199653125 0.8120866395833333 0.1895364578125 0.8130423270833333 0.1826877484375 0.8113432541666667 0.1810151296875 0.8079454375 0.1802986109375 0.8024239416666668 0.1802986109375 0.7970085979166667 0.181174603125 0.7958406083333334 0.183643353125 0.79562830625 0.18961607187500001 0.7923366395833333 0.1947924109375 0.7922304895833334 0.1975798609375 0.7939292333333333 0.1994114578125 0.7980704375 0.20060590312499998 0.80369808125 0.20140228124999998 0.8102814145833332 0.20020783749999999
2 0.6873217583333333 0.1732904265625 0.6895515875 0.1739275796875 0.6934804895833333 0.1740071921875 0.6981524479166666 0.1740071921875 0.70218716875 0.1730515875 0.7043108458333334 0.1715384421875 0.70293055625 0.16365426562500002 0.7028244041666666 0.15680555625 0.700488425 0.156248015625 0.6969844583333333 0.1560887890625 0.69241865 0.156248015625 0.6896577374999999 0.15752232187499998 0.6888082020833333 0.1647693453125 0.6859414687500001 0.1715384421875 0.6873217583333333 0.1732904265625
2 0.7690826729166667 0.1390463796875 0.7701445104166668 0.137851934375 0.769401125 0.1316401296875 0.7699318791666666 0.1256674109375 0.769401125 0.12479141875 0.7671712958333334 0.124393353125 0.7638796291666666 0.12415426562500001 0.7605879625 0.12471180625 0.7584642854166667 0.1259858625 0.7580396833333333 0.13028645781249998 0.7555972229166666 0.13594072343750002 0.75612830625 0.1374536203125 0.7579332020833333 0.1391259921875 0.7601630291666667 0.1400022328125 0.7631362437500001 0.140320684375 0.7664279104166667 0.13992237031250002 0.7690826729166667 0.1390463796875
2 0.8613554895833333 0.15752232187499998 0.8652840604166666 0.1566463296875 0.8668769833333333 0.1557703375 0.8674077375 0.1538588796875 0.8668769833333333 0.147806546875 0.8671954374999999 0.14119667656249998 0.86570899375 0.1401614578125 0.8623111770833333 0.13968353125 0.858276125 0.1401614578125 0.8542410708333333 0.1412762890625 0.8532857145833332 0.1474880953125 0.8494629625000001 0.153938740625 0.85020635 0.1552924109375 0.8527546291666667 0.1563276296875 0.8566835312500001 0.15736309531249998 0.8613554895833333 0.15752232187499998