1 0.062003968750000006 0.6861772479166667 0.2306547625 0.6861772479166667 0.2306547625 0.5489417979166666 0.062003968750000006 0.5489417979166666 0.062003968750000006 0.6861772479166667
1 0.1891158234375 0.6129844583333333 0.3332651296875 0.6129844583333333 0.3332651296875 0.4952166 0.1891158234375 0.4952166 0.1891158234375 0.6129844583333333
1 0.25080729218750003 0.6737698416666666 0.40922743125 0.6737698416666666 0.40922743125 0.54194444375 0.25080729218750003 0.54194444375 0.25080729218750003 0.6737698416666666
1 0.34598090312499996 0.60350694375 0.4826946921875 0.60350694375 0.4826946921875 0.4915062833333333 0.34598090312499996 0.4915062833333333 0.34598090312499996 0.60350694375
1 0.49749999999999994 0.5963905416666667 0.628273809375 0.5963905416666667 0.628273809375 0.4871478166666667 0.49749999999999994 0.4871478166666667 0.49749999999999994 0.5963905416666667
1 0.64014756875 0.5929877645833332 0.77303199375 0.5929877645833332 0.77303199375 0.4846577375 0.64014756875 0.4846577375 0.64014756875 0.5929877645833332
1 0.741646825 0.6502083333333334 0.886696428125 0.6502083333333334 0.886696428125 0.5285019833333333 0.741646825 0.5285019833333333 0.741646825 0.6502083333333334
1 0.8141641859375 0.5844031083333333 0.935587796875 0.5844031083333333 0.935587796875 0.48560350625000004 0.8141641859375 0.48560350625000004 0.8141641859375 0.5844031083333333
1 1 0.5261011895833333 0.9324603171874999 0.5261011895833333 0.9324603171874999 0.63848875625 1 0.63848875625 1 0.5261011895833333
0 0.61736483125 0.6835383604166666 0.6911619546875001 0.6835383604166666 0.6911619546875001 0.6161838625 0.61736483125 0.6161838625 0.61736483125 0.6835383604166666
0 0.45874131875 0.6923511895833333 0.5349938 0.6923511895833333 0.5349938 0.6220006604166667 0.45874131875 0.6220006604166667 0.45874131875 0.6923511895833333
2 0.1491235125 0.5688359791666666 0.1511470734375 0.5663905416666667 0.15146329375 0.5645357145833334 0.148491071875 0.5577053562500001 0.147099703125 0.55087533125 0.14589806562500002 0.5494417979166666 0.1436845234375 0.5487671958333333 0.1408387890625 0.5490201729166666 0.13773983125 0.5507066791666666 0.1364119546875 0.5528148145833334 0.13761334375 0.5594761895833333 0.1368546625 0.5685830020833333 0.1381825390625 0.5703538354166666 0.14026959375 0.5711127645833333 0.142483134375 0.5714500666666668 0.14583482187500002 0.5709441145833334 0.1491235125 0.5688359791666666
2 0.26422296562500003 0.5112440479166667 0.26567733125 0.5088829375 0.26340079375 0.5017999333333333 0.26264186562499997 0.4951385583333333 0.2616299609375 0.49362070208333336 0.2596061515625 0.49294609791666666 0.25726636875 0.493199075 0.254546875 0.4942953041666666 0.2534717265625 0.4961504625 0.2541041671875 0.5033177916666667 0.2530290171875 0.51031646875 0.2547366078125 0.5123402770833334 0.2589737109375 0.5133521833333333 0.2616299609375 0.5127619041666667 0.26422296562500003 0.5112440479166667
2 0.3319317953125 0.5652999333333334 0.334659721875 0.563949075 0.33684201406250003 0.5612473541666667 0.3369977671875 0.5593769833333333 0.33442584375 0.5528300270833333 0.3338802078125 0.5452443791666667 0.3326334328125 0.5439973541666667 0.3299833828125 0.5437896833333333 0.3266321921875 0.54430919375 0.32444990156250003 0.5459718916666667 0.3246837796875 0.5539732145833334 0.3232810015625 0.56155919375 0.323982390625 0.5636372354166667 0.32655431562500004 0.5649884249999999 0.32928199375 0.5655079375 0.3319317953125 0.5652999333333334
2 0.41524603125 0.5088740083333333 0.41812971250000003 0.50825033125 0.4205458828125 0.5068994708333333 0.421559028125 0.5047172625 0.41968849218750004 0.4979629625 0.41914285781249994 0.49110449791666666 0.417350446875 0.48985747291666665 0.415402034375 0.4895456354166667 0.41298586249999997 0.4896494708333333 0.41142733125 0.49141600625 0.4112713296875 0.49900198333333334 0.4098685515625 0.5056524479166666 0.41158308593750004 0.5077308208333333 0.41524603125 0.5088740083333333
2 0.5608859125000001 0.5026187166666667 0.562811259375 0.50363194375 0.564939484375 0.50403736875 0.567371528125 0.5033617729166667 0.5693474703125 0.5014702375 0.5697021328125 0.5006597229166666 0.5684861109375 0.4942417333333333 0.568790178125 0.4874861104166667 0.5678779765625 0.4864050916666667 0.56615550625 0.485459325 0.5641287203124999 0.4852566145833333 0.5622033734375 0.4857294979166667 0.5608353171875 0.4872834 0.560683284375 0.49309325416666666 0.5586059031249999 0.4999163354166667 0.5595181046875 0.5014027770833334 0.5608859125000001 0.5026187166666667
2 0.705444940625 0.49986507916666667 0.7068707843750001 0.50068716875 0.709337053125 0.5013551583333333 0.7124967765625 0.50089285625 0.7144233625 0.4990429895833334 0.7138454859375 0.49241534375 0.714462053125 0.48553042291666665 0.7142306546875 0.48445138958333334 0.712342509375 0.48352678541666666 0.7100305062500001 0.4828075395833333 0.7083735124999999 0.48275595208333333 0.7067552078125 0.48332109791666666 0.7060615078125 0.48470833333333335 0.705444940625 0.49015476249999995 0.702824653125 0.4966795625 0.7040577875 0.49858068749999995 0.705444940625 0.49986507916666667
2 0.812056546875 0.5427172625 0.8132105656249999 0.5442559520833333 0.8148772328125 0.5459656083333333 0.8174097218749999 0.5475042979166667 0.8195575390625001 0.5477179229166667 0.8214486609374999 0.5475042979166667 0.82327579375 0.54694874375 0.8247504953125 0.54579464375 0.8242695937500001 0.5381011895833333 0.8252631453125 0.53382738125 0.8257760421875 0.5315191791666667 0.8252953875 0.53019444375 0.82414136875 0.5284847874999999 0.8226989093749999 0.5272453708333333 0.8212884421875 0.5268177916666666 0.8192368546875001 0.5266041666666667 0.8176981640625 0.52686078125 0.8165121531249999 0.52801455 0.8150376984375001 0.5347675270833334 0.8118963296875 0.5410932541666666 0.812056546875 0.5427172625