2.000000 0.490018 0.429014 0.023438 0.043208 0.489063 0.419444 2.000000 0.490625 0.444444 2.000000
2.000000 0.614148 0.673611 0.028646 0.047838 0.618750 0.677778 2.000000 0.607812 0.669444 2.000000
2.000000 0.038628 0.418981 0.035591 0.054014 0.026562 0.411111 2.000000 0.046875 0.433333 2.000000
1.000000 0.908854 0.718366 0.182292 0.316356  0 0 0  0 0 0
1.000000 0.797310 0.459106 0.238716 0.266977  0 0 0  0 0 0
1.000000 0.614583 0.685185 0.237846 0.290125  0 0 0  0 0 0
1.000000 0.491753 0.449074 0.212674 0.265431  0 0 0  0 0 0
1.000000 0.368055 0.663579 0.220487 0.277778  0 0 0  0 0 0
1.000000 0.269966 0.452931 0.203125 0.242282  0 0 0  0 0 0
1.000000 0.147570 0.665894 0.213542 0.273148  0 0 0  0 0 0
1.000000 0.085938 0.438273 0.171875 0.237653  0 0 0  0 0 0
