2.000000 0.334201 0.389662 0.022570 0.047838 0.329688 0.372222 2.000000 0.335938 0.405556 2.000000
2.000000 0.407117 0.533181 0.027779 0.072532 0.404687 0.511111 2.000000 0.409375 0.552778 2.000000
2.000000 0.547742 0.399690 0.022570 0.046296 0.548438 0.386111 2.000000 0.548438 0.419444 2.000000
2.000000 0.689669 0.550153 0.026909 0.066356 0.692187 0.527778 2.000000 0.687500 0.572222 2.000000
2.000000 0.784289 0.405093 0.026909 0.050926 0.789062 0.386111 2.000000 0.782813 0.422222 2.000000
1.000000 0.340279 0.457560 0.185763 0.205245  0 0 0  0 0 0
1.000000 0.412326 0.621912 0.237846 0.283949  0 0 0  0 0 0
1.000000 0.548612 0.488426 0.203125 0.245370  0 0 0  0 0 0
1.000000 0.688367 0.641977 0.267362 0.305556  0 0 0  0 0 0
1.000000 0.778211 0.487653 0.224826 0.237653  0 0 0  0 0 0
1.000000 0.916232 0.683644 0.167534 0.317903  0 0 0  0 0 0
