1.000000 0.737414 0.500773 0.337674 0.384259  0 0 0  0 0 0
1.000000 0.885417 0.266204 0.229167 0.378088  0 0 0  0 0 0
1.000000 0.608940 0.273921 0.273438 0.322532  0 0 0  0 0 0
1.000000 0.426648 0.484569 0.259549 0.327162  0 0 0  0 0 0
1.000000 0.351997 0.265431 0.221354 0.296296  0 0 0  0 0 0
1.000000 0.187500 0.462190 0.217013 0.316356  0 0 0  0 0 0
1.000000 0.157117 0.252315 0.180555 0.229940  0 0 0  0 0 0
1.000000 0.039062 0.246144 0.078125 0.186727  0 0 0  0 0 0
1.000000 0.052518 0.445218 0.105034 0.266977  0 0 0  0 0 0
2.000000 0.160156 0.385032 0.032117 0.057097 0.153125 0.366667 2.000000 0.167187 0.402778 2.000000
2.000000 0.132378 0.201389 0.030383 0.054014 0.125000 0.183333 2.000000 0.137500 0.216667 2.000000
2.000000 0.333333 0.182870 0.027779 0.063273 0.328125 0.166667 2.000000 0.340625 0.200000 2.000000
