2.000000 0.510417 0.520833 0.020833 0.050926 0.512500 0.505556 2.000000 0.509375 0.533333 2.000000
2.000000 0.568143 0.767745 0.032117 0.060185 0.568750 0.752778 2.000000 0.564063 0.788889 2.000000
2.000000 0.207466 0.320986 0.020833 0.046296 0.204687 0.311111 2.000000 0.210938 0.333333 2.000000
2.000000 0.100260 0.256171 0.018229 0.040125 0.096875 0.244444 2.000000 0.103125 0.263889 2.000000
2.000000 0.065539 0.365741 0.026909 0.052468 0.057813 0.358333 2.000000 0.070312 0.380556 2.000000
2.000000 0.017362 0.195218 0.020833 0.041667 0.012500 0.186111 2.000000 0.021875 0.205556 2.000000
1.000000 0.514758 0.587190 0.185763 0.248458  0 0 0  0 0 0
1.000000 0.570312 0.826389 0.237846 0.316356  0 0 0  0 0 0
1.000000 0.359375 0.665894 0.177083 0.251542  0 0 0  0 0 0
1.000000 0.346789 0.478394 0.150174 0.194444  0 0 0  0 0 0
1.000000 0.198352 0.539352 0.144966 0.211421  0 0 0  0 0 0
1.000000 0.218750 0.371912 0.126737 0.175926  0 0 0  0 0 0
1.000000 0.078560 0.433644 0.146701 0.209875  0 0 0  0 0 0
1.000000 0.110242 0.307097 0.111112 0.160495  0 0 0  0 0 0
1.000000 0.040799 0.247685 0.081596 0.146606  0 0 0  0 0 0
