1.000000 0.266927 0.348764 0.370659 0.438273  0 0 0  0 0 0
1.000000 0.473958 0.689042 0.361112 0.439815  0 0 0  0 0 0
1.000000 0.626302 0.370370 0.299479 0.395060  0 0 0  0 0 0
1.000000 0.819445 0.665125 0.302083 0.395060  0 0 0  0 0 0
1.000000 0.888411 0.378009 0.223177 0.355093  0 0 0  0 0 0
2.000000 0.276477 0.274690 0.037326 0.086421 0.275000 0.261111 2.000000 0.279687 0.305556 2.000000
2.000000 0.647570 0.310185 0.038195 0.077162 0.657813 0.288889 2.000000 0.640625 0.327778 2.000000
2.000000 0.939237 0.319444 0.041667 0.067903 0.953125 0.305556 2.000000 0.928125 0.333333 2.000000
2.000000 0.847221 0.634259 0.046875 0.077162 0.859375 0.619444 2.000000 0.837500 0.652778 2.000000
2.000000 0.488716 0.655866 0.043404 0.080245 0.496875 0.638889 2.000000 0.481250 0.680556 2.000000
