2.000000 0.278646 0.567903 0.022570 0.046296 0.275000 0.552778 2.000000 0.282813 0.583333 2.000000
2.000000 0.400174 0.435185 0.020833 0.043208 0.400000 0.419444 2.000000 0.400000 0.447222 2.000000
2.000000 0.486979 0.591051 0.020833 0.046296 0.484375 0.577778 2.000000 0.489063 0.605556 2.000000
2.000000 0.584201 0.451389 0.020833 0.041667 0.587500 0.436111 2.000000 0.581250 0.469444 2.000000
2.000000 0.700086 0.599537 0.021701 0.041667 0.703125 0.588889 2.000000 0.695312 0.611111 2.000000
2.000000 0.764758 0.459875 0.022570 0.043208 0.768750 0.450000 2.000000 0.762500 0.472222 2.000000
2.000000 0.911023 0.617282 0.026909 0.049384 0.920312 0.605556 2.000000 0.909375 0.636111 2.000000
2.000000 0.947049 0.472222 0.027779 0.046296 0.956250 0.461111 2.000000 0.945312 0.486111 2.000000
1.000000 0.284721 0.622685 0.192708 0.239199 0.000000 0.000000 0.000000 0.000000 0.000000 0.000000
1.000000 0.401477 0.488426 0.160591 0.202162 0.000000 0.000000 0.000000 0.000000 0.000000 0.000000
1.000000 0.487846 0.640431 0.192708 0.237653 0.000000 0.000000 0.000000 0.000000 0.000000 0.000000
1.000000 0.579862 0.504630 0.163195 0.209875 0.000000 0.000000 0.000000 0.000000 0.000000 0.000000
1.000000 0.690539 0.651236 0.190104 0.246912 0.000000 0.000000 0.000000 0.000000 0.000000 0.000000
1.000000 0.755643 0.511574 0.171008 0.202162 0.000000 0.000000 0.000000 0.000000 0.000000 0.000000
1.000000 0.881945 0.667440 0.184029 0.245370 0.000000 0.000000 0.000000 0.000000 0.000000 0.000000
1.000000 0.923177 0.518519 0.153646 0.191356 0.000000 0.000000 0.000000 0.000000 0.000000 0.000000
