1.000000 0.070747 0.360338 0.141492 0.297838  0 0 0  0 0 0
1.000000 0.252169 0.440588 0.236979 0.322532  0 0 0  0 0 0
1.000000 0.524740 0.554014 0.315104 0.391977  0 0 0  0 0 0
1.000000 0.848523 0.708333 0.302951 0.490741  0 0 0  0 0 0
1.000000 0.758680 0.445218 0.314237 0.356481  0 0 0  0 0 0
1.000000 0.463107 0.306329 0.243924 0.217593  0 0 0  0 0 0
1.000000 0.242622 0.236111 0.195312 0.160495  0 0 0  0 0 0
1.000000 0.075956 0.187500 0.151909 0.140431  0 0 0  0 0 0
2.000000 0.028646 0.248458 0.034721 0.055556 0.021875 0.230556 2.000000 0.032813 0.266667 2.000000
2.000000 0.065104 0.147375 0.027779 0.054014 0.060937 0.130556 2.000000 0.070312 0.161111 2.000000
2.000000 0.234375 0.314815 0.031250 0.067903 0.229687 0.291667 2.000000 0.239063 0.333333 2.000000
2.000000 0.233073 0.184412 0.025174 0.050926 0.231250 0.169444 2.000000 0.235937 0.202778 2.000000
2.000000 0.452258 0.232255 0.027779 0.063273 0.448437 0.213889 2.000000 0.453125 0.252778 2.000000
2.000000 0.510417 0.402778 0.034721 0.083333 0.506250 0.380556 2.000000 0.510938 0.430556 2.000000
2.000000 0.749565 0.305556 0.035591 0.070986 0.753125 0.283333 2.000000 0.748437 0.330556 2.000000
2.000000 0.912760 0.526236 0.042534 0.095681 0.918750 0.494444 2.000000 0.909375 0.558333 2.000000
