2.000000 0.472221 0.462963 0.036458 0.083333 0.464062 0.438889 2.000000 0.473438 0.494444 2.000000
2.000000 0.366753 0.272375 0.032117 0.066356 0.360938 0.250000 2.000000 0.370312 0.294444 2.000000
2.000000 0.098091 0.248458 0.029513 0.061727 0.093750 0.227778 2.000000 0.101562 0.266667 2.000000
2.000000 0.131076 0.405093 0.034721 0.072532 0.123438 0.380556 2.000000 0.135937 0.430556 2.000000
2.000000 0.693143 0.309412 0.033854 0.072532 0.696875 0.286111 2.000000 0.692187 0.338889 2.000000
2.000000 0.897135 0.523148 0.044271 0.092593 0.901563 0.491667 2.000000 0.896875 0.558333 2.000000
1.000000 0.841146 0.686727 0.317708 0.472222  0 0 0  0 0 0
1.000000 0.697482 0.459875 0.322049 0.376542  0 0 0  0 0 0
1.000000 0.476997 0.627315 0.356771 0.427468  0 0 0  0 0 0
1.000000 0.373263 0.371912 0.274305 0.256171  0 0 0  0 0 0
1.000000 0.149219 0.545139 0.298438 0.371759  0 0 0  0 0 0
1.000000 0.116320 0.323301 0.232638 0.205245  0 0 0  0 0 0
