2.000000 0.257378 0.446759 0.032117 0.060185 0.250000 0.436111 2.000000 0.264062 0.466667 2.000000
2.000000 0.149305 0.209875 0.032987 0.064815 0.139063 0.191667 2.000000 0.156250 0.227778 2.000000
2.000000 0.420573 0.224537 0.026909 0.057097 0.418750 0.205556 2.000000 0.420312 0.244444 2.000000
2.000000 0.559461 0.460648 0.028646 0.066356 0.559375 0.441667 2.000000 0.557813 0.486111 2.000000
2.000000 0.694445 0.231481 0.029513 0.067903 0.698438 0.211111 2.000000 0.692187 0.252778 2.000000
1.000000 0.159289 0.283181 0.249133 0.310185  0 0 0  0 0 0
1.000000 0.263888 0.506944 0.272570 0.331792  0 0 0  0 0 0
1.000000 0.423177 0.293981 0.245659 0.307097  0 0 0  0 0 0
1.000000 0.558159 0.513889 0.272570 0.333333  0 0 0  0 0 0
1.000000 0.690104 0.297838 0.251737 0.305556  0 0 0  0 0 0
1.000000 0.842448 0.537810 0.273438 0.322532  0 0 0  0 0 0
1.000000 0.914453 0.317593 0.171094 0.287037  0 0 0  0 0 0
