2.000000 0.284721 0.517745 0.029513 0.069444 0.279687 0.497222 2.000000 0.284375 0.538889 2.000000
2.000000 0.263888 0.338736 0.024305 0.057097 0.260937 0.322222 2.000000 0.265625 0.361111 2.000000
2.000000 0.487414 0.424384 0.025174 0.061727 0.485938 0.405556 2.000000 0.485938 0.447222 2.000000
2.000000 0.567273 0.633486 0.032117 0.078704 0.565625 0.611111 2.000000 0.564063 0.661111 2.000000
2.000000 0.759549 0.520833 0.032987 0.072532 0.762500 0.497222 2.000000 0.757812 0.541667 2.000000
2.000000 0.925346 0.794755 0.039930 0.092593 0.931250 0.766667 2.000000 0.921875 0.825000 2.000000
1.000000 0.091146 0.535495 0.182292 0.277778  0 0 0  0 0 0
1.000000 0.272570 0.409722 0.190971 0.211421  0 0 0  0 0 0
1.000000 0.296008 0.621912 0.230904 0.305556  0 0 0  0 0 0
1.000000 0.491753 0.503856 0.224826 0.245370  0 0 0  0 0 0
1.000000 0.570747 0.745370 0.287326 0.358023  0 0 0  0 0 0
1.000000 0.759982 0.631944 0.282117 0.337963  0 0 0  0 0 0
1.000000 0.868880 0.847222 0.262240 0.305556  0 0 0  0 0 0
