1.000000 0.092883 0.482255 0.173612 0.217593  0 0 0  0 0 0
1.000000 0.149740 0.679782 0.186633 0.245370  0 0 0  0 0 0
1.000000 0.276042 0.486884 0.180555 0.217593  0 0 0  0 0 0
1.000000 0.354167 0.674384 0.203125 0.256171  0 0 0  0 0 0
1.000000 0.476128 0.476079 0.198784 0.254630  0 0 0  0 0 0
1.000000 0.586372 0.681329 0.223091 0.285495  0 0 0  0 0 0
1.000000 0.759115 0.471449 0.224826 0.248458  0 0 0  0 0 0
1.000000 0.894531 0.702931 0.210938 0.300926  0 0 0  0 0 0
2.000000 0.070747 0.451389 0.032117 0.047838 0.059375 0.441667 2.000000 0.078125 0.463889 2.000000
2.000000 0.468750 0.441356 0.026042 0.049384 0.467187 0.430556 2.000000 0.473438 0.458333 2.000000
2.000000 0.584201 0.661264 0.024305 0.050926 0.585938 0.650000 2.000000 0.581250 0.675000 2.000000
