1.000000 0.594617 0.601079 0.343750 0.408949  0 0 0  0 0 0
1.000000 0.819010 0.468366 0.335938 0.371912  0 0 0  0 0 0
1.000000 0.898003 0.722222 0.203992 0.484569  0 0 0  0 0 0
1.000000 0.497396 0.350310 0.260417 0.268519  0 0 0  0 0 0
1.000000 0.285591 0.492282 0.272570 0.348764  0 0 0  0 0 0
1.000000 0.250000 0.274690 0.222221 0.194444  0 0 0  0 0 0
1.000000 0.076302 0.417361 0.152604 0.306944  0 0 0  0 0 0
1.000000 0.072049 0.239199 0.144096 0.191356  0 0 0  0 0 0
2.000000 0.240018 0.211421 0.028646 0.058644 0.237500 0.194444 2.000000 0.243750 0.227778 2.000000
2.000000 0.041232 0.173611 0.028646 0.057097 0.035937 0.158333 2.000000 0.042188 0.191667 2.000000
2.000000 0.021268 0.297069 0.032117 0.063273 0.012500 0.277778 2.000000 0.025000 0.319444 2.000000
2.000000 0.269096 0.357255 0.031250 0.069444 0.265625 0.336111 2.000000 0.273438 0.386111 2.000000
2.000000 0.489148 0.256171 0.030383 0.064815 0.489063 0.233333 2.000000 0.489063 0.280556 2.000000
2.000000 0.588977 0.448301 0.037326 0.087963 0.584375 0.422222 2.000000 0.592187 0.472222 2.000000
2.000000 0.813367 0.320218 0.034721 0.075616 0.817187 0.294444 2.000000 0.812500 0.344444 2.000000
