2.000000 0.273872 0.403551 0.032117 0.069444 0.268750 0.380556 2.000000 0.278125 0.425000 2.000000
2.000000 0.447482 0.589505 0.035591 0.077162 0.445312 0.566667 2.000000 0.450000 0.619444 2.000000
2.000000 0.590279 0.375000 0.029513 0.067903 0.590625 0.350000 2.000000 0.590625 0.391667 2.000000
2.000000 0.806857 0.541667 0.035591 0.080245 0.810937 0.513889 2.000000 0.804688 0.566667 2.000000
2.000000 0.878906 0.335648 0.035591 0.066356 0.882812 0.313889 2.000000 0.876563 0.352778 2.000000
1.000000 0.278211 0.522375 0.297742 0.337963  0 0 0  0 0 0
1.000000 0.444878 0.712190 0.335938 0.399690  0 0 0  0 0 0
1.000000 0.585938 0.485338 0.277779 0.325616  0 0 0  0 0 0
1.000000 0.795573 0.664352 0.309896 0.393519  0 0 0  0 0 0
1.000000 0.868055 0.422069 0.263888 0.257718  0 0 0  0 0 0
