2.000000 0.473523 0.313273 0.032117 0.074074 0.470313 0.286111 2.000000 0.471875 0.338889 2.000000
2.000000 0.712674 0.273148 0.029513 0.074074 0.715625 0.250000 2.000000 0.710938 0.297222 2.000000
2.000000 0.817273 0.486111 0.042534 0.092593 0.821875 0.450000 2.000000 0.815625 0.511111 2.000000
2.000000 0.452690 0.159722 0.025174 0.063273 0.451562 0.138889 2.000000 0.454688 0.180556 2.000000
2.000000 0.246094 0.191356 0.032117 0.061727 0.243750 0.172222 2.000000 0.248438 0.211111 2.000000
2.000000 0.266492 0.086421 0.020833 0.052468 0.265625 0.075000 2.000000 0.268750 0.108333 2.000000
2.000000 0.126302 0.030093 0.023438 0.047838 0.123438 0.016667 2.000000 0.128125 0.047222 2.000000
2.000000 0.078125 0.107255 0.026042 0.054014 0.075000 0.091667 2.000000 0.079687 0.127778 2.000000
1.000000 0.810763 0.652005 0.378471 0.458333  0 0 0  0 0 0
1.000000 0.717448 0.378088 0.294271 0.296296  0 0 0  0 0 0
1.000000 0.479602 0.455245 0.280383 0.373458  0 0 0  0 0 0
1.000000 0.462240 0.229167 0.217883 0.202162  0 0 0  0 0 0
1.000000 0.256945 0.312500 0.203125 0.297838  0 0 0  0 0 0
1.000000 0.273872 0.141977 0.176216 0.166667  0 0 0  0 0 0
1.000000 0.134115 0.080245 0.136284 0.154319  0 0 0  0 0 0
1.000000 0.083768 0.216051 0.165799 0.265431  0 0 0  0 0 0
