1.000000 0.276042 0.381171 0.138888 0.231481  0 0 0  0 0 0
1.000000 0.411458 0.493829 0.170138 0.271606  0 0 0  0 0 0
1.000000 0.607638 0.668981 0.234375 0.322532  0 0 0  0 0 0
1.000000 0.869792 0.845602 0.260417 0.308796  0 0 0  0 0 0
1.000000 0.841581 0.625000 0.296008 0.287037  0 0 0  0 0 0
1.000000 0.601562 0.443671 0.201388 0.217593  0 0 0  0 0 0
1.000000 0.434896 0.343366 0.142362 0.205245  0 0 0  0 0 0
1.000000 0.320312 0.270833 0.112846 0.189815  0 0 0  0 0 0
2.000000 0.272135 0.290894 0.021701 0.047838 0.267188 0.275000 2.000000 0.273438 0.302778 2.000000
2.000000 0.314669 0.200616 0.019966 0.049384 0.314063 0.188889 2.000000 0.317188 0.211111 2.000000
2.000000 0.428820 0.270060 0.022570 0.055556 0.426563 0.255556 2.000000 0.431250 0.283333 2.000000
2.000000 0.401477 0.388116 0.025174 0.063273 0.400000 0.372222 2.000000 0.403125 0.408333 2.000000
2.000000 0.592883 0.361884 0.026042 0.057097 0.592187 0.341667 2.000000 0.595313 0.375000 2.000000
