1.000000 0.404513 0.594907 0.250000 0.294755  0 0 0  0 0 0
1.000000 0.330294 0.420523 0.200521 0.189815  0 0 0  0 0 0
1.000000 0.546440 0.459875 0.210938 0.243829  0 0 0  0 0 0
1.000000 0.694445 0.619597 0.281250 0.325616  0 0 0  0 0 0
1.000000 0.789062 0.443671 0.232638 0.211421  0 0 0  0 0 0
1.000000 0.922266 0.655787 0.155469 0.327315  0 0 0  0 0 0
2.000000 0.695312 0.510032 0.036458 0.069444 0.698438 0.491667 2.000000 0.693750 0.533333 2.000000
2.000000 0.398872 0.490741 0.028646 0.064815 0.395313 0.475000 2.000000 0.401562 0.513889 2.000000
2.000000 0.323352 0.354167 0.023438 0.050926 0.321875 0.336111 2.000000 0.326562 0.369444 2.000000
2.000000 0.547742 0.368056 0.026042 0.054014 0.548438 0.347222 2.000000 0.546875 0.380556 2.000000
2.000000 0.792969 0.374227 0.030383 0.063273 0.798438 0.352778 2.000000 0.792188 0.386111 2.000000
