1.000000 0.373698 0.571759 0.278646 0.319444  0 0 0  0 0 0
1.000000 0.534289 0.769292 0.330729 0.399690  0 0 0  0 0 0
1.000000 0.675346 0.564042 0.276042 0.325616  0 0 0  0 0 0
1.000000 0.864583 0.750000 0.270833 0.398148  0 0 0  0 0 0
1.000000 0.912760 0.536264 0.174479 0.294755  0 0 0  0 0 0
2.000000 0.371529 0.454477 0.029513 0.069444 0.370312 0.430556 2.000000 0.375000 0.475000 2.000000
2.000000 0.539930 0.646606 0.041667 0.089505 0.537500 0.613889 2.000000 0.539062 0.663889 2.000000
2.000000 0.679688 0.449847 0.031250 0.075616 0.679688 0.422222 2.000000 0.679688 0.469444 2.000000
2.000000 0.901909 0.630403 0.039930 0.091051 0.909375 0.600000 2.000000 0.900000 0.650000 2.000000
2.000000 0.974826 0.432870 0.039930 0.072532 0.981250 0.411111 2.000000 0.973437 0.450000 2.000000
