2.000000 0.198784 0.353394 0.024305 0.052468 0.196875 0.336111 2.000000 0.201563 0.366667 2.000000
2.000000 0.661023 0.351079 0.025174 0.050926 0.664062 0.336111 2.000000 0.660937 0.366667 2.000000
2.000000 0.844185 0.475310 0.032117 0.061727 0.850000 0.458333 2.000000 0.839063 0.494444 2.000000
1.000000 0.834635 0.584106 0.275174 0.307097  0 0 0  0 0 0
1.000000 0.914062 0.438273 0.171875 0.197532  0 0 0  0 0 0
1.000000 0.654948 0.450616 0.207466 0.240741  0 0 0  0 0 0
1.000000 0.552518 0.587963 0.256076 0.277778  0 0 0  0 0 0
1.000000 0.431424 0.462963 0.206596 0.234569  0 0 0  0 0 0
1.000000 0.274305 0.601079 0.269096 0.288579  0 0 0  0 0 0
1.000000 0.207898 0.442903 0.219617 0.228394  0 0 0  0 0 0
1.000000 0.070312 0.592593 0.140625 0.308644  0 0 0  0 0 0
