1.000000 0.119792 0.489199 0.166667 0.188273  0 0 0  0 0 0
1.000000 0.158419 0.631944 0.183159 0.223764  0 0 0  0 0 0
1.000000 0.287760 0.506171 0.162326 0.179014  0 0 0  0 0 0
1.000000 0.344185 0.623458 0.181424 0.206792  0 0 0  0 0 0
1.000000 0.452258 0.503088 0.157987 0.191356  0 0 0  0 0 0
1.000000 0.539930 0.629630 0.180555 0.228394  0 0 0  0 0 0
1.000000 0.664062 0.507718 0.161458 0.182097  0 0 0  0 0 0
1.000000 0.791232 0.639662 0.191841 0.217593  0 0 0  0 0 0
2.000000 0.541232 0.568671 0.023438 0.050926 0.542188 0.555556 2.000000 0.542188 0.583333 2.000000
2.000000 0.452690 0.442903 0.021701 0.046296 0.451562 0.433333 2.000000 0.451562 0.458333 2.000000
2.000000 0.112414 0.432870 0.023438 0.044755 0.106250 0.425000 2.000000 0.115625 0.447222 2.000000
