2.000000 0.458768 0.542440 0.037326 0.081792 0.454688 0.516667 2.000000 0.457813 0.566667 2.000000
2.000000 0.286893 0.359569 0.030383 0.070986 0.285938 0.336111 2.000000 0.287500 0.380556 2.000000
2.000000 0.597221 0.335648 0.026042 0.072532 0.596875 0.308333 2.000000 0.595313 0.358333 2.000000
2.000000 0.806857 0.500000 0.035591 0.083333 0.812500 0.475000 2.000000 0.806250 0.522222 2.000000
2.000000 0.878471 0.301699 0.034721 0.066356 0.882812 0.283333 2.000000 0.876563 0.319444 2.000000
1.000000 0.289497 0.473764 0.292534 0.336421  0 0 0  0 0 0
1.000000 0.452690 0.659722 0.330729 0.393519  0 0 0  0 0 0
1.000000 0.590279 0.448301 0.274305 0.322532  0 0 0  0 0 0
1.000000 0.793836 0.613426 0.309896 0.371912  0 0 0  0 0 0
1.000000 0.865451 0.388889 0.258680 0.256171  0 0 0  0 0 0
