2.000000 0.136161 0.819444 0.028276 0.043648 0.128125 0.827778 2.000000 0.140625 0.811111 2.000000
2.000000 0.055432 0.672620 0.031995 0.035713 0.045312 0.675000 2.000000 0.064062 0.666667 2.000000
2.000000 0.445312 0.812167 0.017115 0.042324 0.445312 0.822222 2.000000 0.445312 0.805556 2.000000
2.000000 0.520833 0.666009 0.016370 0.033065 0.521875 0.672222 2.000000 0.520312 0.658333 2.000000
2.000000 0.593380 0.807537 0.017115 0.038361 0.595313 0.813889 2.000000 0.592187 0.802778 2.000000
2.000000 0.670016 0.664685 0.018599 0.035713 0.675000 0.672222 2.000000 0.667188 0.661111 2.000000
2.000000 0.738839 0.808861 0.025297 0.038361 0.743750 0.819444 2.000000 0.735938 0.805556 2.000000
1.000000 0.662948 0.658065 0.133927 0.167991  0 0 0  0 0 0
1.000000 0.729536 0.791667 0.136161 0.178574  0 0 0  0 0 0
1.000000 0.589656 0.792324 0.134672 0.177250  0 0 0  0 0 0
1.000000 0.520089 0.659389 0.135417 0.178574  0 0 0  0 0 0
1.000000 0.446057 0.791667 0.136161 0.181213  0 0 0  0 0 0
1.000000 0.375745 0.654759 0.142859 0.169315  0 0 0  0 0 0
1.000000 0.303198 0.790343 0.137651 0.181213  0 0 0  0 0 0
1.000000 0.229911 0.657407 0.142859 0.166667  0 0 0  0 0 0
1.000000 0.149552 0.800269 0.154760 0.190472  0 0 0  0 0 0
1.000000 0.078385 0.660648 0.156771 0.178704  0 0 0  0 0 0
