1.000000 0.743490 0.540894 0.339409 0.387347  0 0 0  0 0 0
1.000000 0.883680 0.320986 0.232638 0.379630  0 0 0  0 0 0
1.000000 0.618490 0.307097 0.268229 0.317903  0 0 0  0 0 0
1.000000 0.429688 0.505403 0.255208 0.322532  0 0 0  0 0 0
1.000000 0.366320 0.280093 0.225695 0.291667  0 0 0  0 0 0
1.000000 0.169706 0.283181 0.183159 0.242282  0 0 0  0 0 0
1.000000 0.195312 0.472995 0.213542 0.307097  0 0 0  0 0 0
1.000000 0.056771 0.446528 0.113542 0.285648  0 0 0  0 0 0
1.000000 0.052083 0.254630 0.104167 0.203704  0 0 0  0 0 0
2.000000 0.147135 0.214505 0.033854 0.064815 0.143750 0.197222 2.000000 0.154688 0.227778 2.000000
2.000000 0.347656 0.209106 0.033854 0.066356 0.339062 0.191667 2.000000 0.353125 0.222222 2.000000
2.000000 0.171440 0.395833 0.037326 0.069444 0.162500 0.380556 2.000000 0.181250 0.413889 2.000000
