1.000000 0.078870 0.665343 0.157740 0.179898  0 0 0  0 0 0
1.000000 0.148438 0.806880 0.158484 0.195769  0 0 0  0 0 0
1.000000 0.227677 0.666009 0.142859 0.173278  0 0 0  0 0 0
1.000000 0.302083 0.792324 0.141370 0.174602  0 0 0  0 0 0
1.000000 0.375370 0.659389 0.140625 0.173278  0 0 0  0 0 0
1.000000 0.445312 0.795639 0.136161 0.183861  0 0 0  0 0 0
1.000000 0.518599 0.662694 0.135417 0.174602  0 0 0  0 0 0
1.000000 0.588542 0.793648 0.133927 0.177250  0 0 0  0 0 0
1.000000 0.662203 0.660056 0.135417 0.164019  0 0 0  0 0 0
1.000000 0.728797 0.794315 0.136161 0.175926  0 0 0  0 0 0
2.000000 0.051339 0.677250 0.029760 0.037037 0.043750 0.680556 2.000000 0.059375 0.675000 2.000000
2.000000 0.132812 0.822750 0.029016 0.042324 0.126562 0.830556 2.000000 0.143750 0.816667 2.000000
2.000000 0.444568 0.816796 0.020089 0.035713 0.443750 0.822222 2.000000 0.445312 0.808333 2.000000
2.000000 0.518974 0.669972 0.018599 0.033065 0.521875 0.672222 2.000000 0.517188 0.661111 2.000000
2.000000 0.593750 0.809528 0.019344 0.037037 0.596875 0.819444 2.000000 0.592187 0.802778 2.000000
2.000000 0.669271 0.667324 0.021578 0.033065 0.673438 0.672222 2.000000 0.667188 0.666667 2.000000
2.000000 0.737349 0.812167 0.025297 0.039685 0.745313 0.819444 2.000000 0.734375 0.805556 2.000000
