1.000000 0.670016 0.673278 0.133182 0.166667  0 0 0  0 0 0
1.000000 0.738094 0.802250 0.133927 0.175926  0 0 0  0 0 0
1.000000 0.597844 0.807537 0.134672 0.167991  0 0 0  0 0 0
1.000000 0.527901 0.666009 0.134672 0.165343  0 0 0  0 0 0
1.000000 0.454984 0.812833 0.134672 0.173278  0 0 0  0 0 0
1.000000 0.379839 0.674602 0.136161 0.166667  0 0 0  0 0 0
1.000000 0.306922 0.812167 0.139135 0.174602  0 0 0  0 0 0
1.000000 0.234375 0.683861 0.142859 0.169315  0 0 0  0 0 0
1.000000 0.156620 0.824731 0.148068 0.183861  0 0 0  0 0 0
1.000000 0.082219 0.683204 0.158484 0.173278  0 0 0  0 0 0
2.000000 0.061385 0.697750 0.029016 0.038361 0.050000 0.702778 2.000000 0.068750 0.694444 2.000000
2.000000 0.140255 0.844574 0.024552 0.038361 0.132812 0.855556 2.000000 0.146875 0.838889 2.000000
