1.000000 0.243302 0.501981 0.352677 0.371694  0 0 0  0 0 0
1.000000 0.424849 0.705685 0.407740 0.482806  0 0 0  0 0 0
1.000000 0.547245 0.484787 0.228422 0.191796  0 0 0  0 0 0
1.000000 0.774552 0.687833 0.273807 0.365083  0 0 0  0 0 0
1.000000 0.745536 0.501324 0.171130 0.145500  0 0 0  0 0 0
1.000000 0.924849 0.683861 0.150297 0.293648  0 0 0  0 0 0
1.000000 0.893599 0.535713 0.142859 0.116398  0 0 0  0 0 0
1.000000 0.961682 0.535713 0.076635 0.087306  0 0 0  0 0 0
2.000000 0.265255 0.366398 0.036458 0.082009 0.265625 0.341667 2.000000 0.267188 0.391667 2.000000
2.000000 0.563615 0.425269 0.021578 0.062167 0.568750 0.405556 2.000000 0.562500 0.438889 2.000000
2.000000 0.756698 0.453046 0.020833 0.043648 0.762500 0.438889 2.000000 0.754687 0.466667 2.000000
2.000000 0.788318 0.539019 0.043901 0.078046 0.800000 0.513889 2.000000 0.787500 0.558333 2.000000
