2.000000 0.168526 0.366398 0.015625 0.034389 0.164062 0.355556 2.000000 0.170313 0.375000 2.000000
2.000000 0.194198 0.309528 0.014880 0.029102 0.190625 0.302778 2.000000 0.198437 0.316667 2.000000
2.000000 0.243677 0.328046 0.015625 0.029102 0.242188 0.322222 2.000000 0.245312 0.338889 2.000000
2.000000 0.223589 0.393519 0.018599 0.033065 0.220312 0.383333 2.000000 0.229687 0.400000 2.000000
2.000000 0.307292 0.346565 0.013391 0.026454 0.304688 0.338889 2.000000 0.307812 0.355556 2.000000
1.000000 0.795016 0.720241 0.250745 0.257935  0 0 0  0 0 0
1.000000 0.689359 0.535056 0.171875 0.178574  0 0 0  0 0 0
1.000000 0.527156 0.593250 0.146578 0.183861  0 0 0  0 0 0
1.000000 0.497396 0.467593 0.121281 0.141537  0 0 0  0 0 0
1.000000 0.399927 0.519176 0.112349 0.154759  0 0 0  0 0 0
1.000000 0.394344 0.419972 0.096724 0.112435  0 0 0  0 0 0
1.000000 0.306177 0.474870 0.085568 0.134917  0 0 0  0 0 0
1.000000 0.316219 0.381611 0.083333 0.107139  0 0 0  0 0 0
1.000000 0.252234 0.360454 0.072917 0.101852  0 0 0  0 0 0
1.000000 0.236234 0.431880 0.085568 0.128306  0 0 0  0 0 0
1.000000 0.178943 0.403435 0.072172 0.119046  0 0 0  0 0 0
1.000000 0.203125 0.339287 0.062500 0.091269  0 0 0  0 0 0
