1.000000 0.176563 0.480324 0.353125 0.408796  0 0 0  0 0 0
1.000000 0.360242 0.750000 0.416667 0.490741  0 0 0  0 0 0
1.000000 0.551648 0.442130 0.332466 0.396606  0 0 0  0 0 0
1.000000 0.797310 0.679014 0.389758 0.481481  0 0 0  0 0 0
1.000000 0.866276 0.374769 0.267448 0.339352  0 0 0  0 0 0
2.000000 0.164062 0.355708 0.041667 0.084875 0.157812 0.327778 2.000000 0.167187 0.383333 2.000000
2.000000 0.363281 0.625000 0.046008 0.086421 0.354687 0.600000 2.000000 0.368750 0.658333 2.000000
2.000000 0.553385 0.313273 0.037326 0.086421 0.553125 0.286111 2.000000 0.556250 0.338889 2.000000
2.000000 0.808594 0.555556 0.047742 0.095681 0.823438 0.525000 2.000000 0.809375 0.580556 2.000000
2.000000 0.905815 0.263889 0.037326 0.077162 0.914062 0.236111 2.000000 0.904687 0.286111 2.000000
