2.000000 0.133557 0.835315 0.024552 0.035713 0.125000 0.844444 2.000000 0.143750 0.825000 2.000000
2.000000 0.054318 0.687833 0.028276 0.034389 0.043750 0.694444 2.000000 0.062500 0.683333 2.000000
1.000000 0.077010 0.675926 0.154016 0.171954  0 0 0  0 0 0
1.000000 0.149927 0.817463 0.146578 0.185185  0 0 0  0 0 0
1.000000 0.228797 0.675926 0.145089 0.171954  0 0 0  0 0 0
1.000000 0.303198 0.804898 0.139135 0.178574  0 0 0  0 0 0
1.000000 0.376490 0.667991 0.136906 0.169315  0 0 0  0 0 0
1.000000 0.448661 0.808204 0.133927 0.166667  0 0 0  0 0 0
1.000000 0.523807 0.666009 0.133927 0.165343  0 0 0  0 0 0
1.000000 0.590776 0.805556 0.133927 0.174602  0 0 0  0 0 0
1.000000 0.670385 0.676583 0.129464 0.170639  0 0 0  0 0 0
1.000000 0.731401 0.809528 0.133927 0.166667  0 0 0  0 0 0
