2.000000 0.345487 0.513889 0.020833 0.052468 0.342187 0.500000 2.000000 0.345313 0.525000 2.000000
2.000000 0.428820 0.428241 0.017362 0.041667 0.428125 0.413889 2.000000 0.429688 0.436111 2.000000
2.000000 0.509115 0.504630 0.018229 0.043208 0.509375 0.494444 2.000000 0.507812 0.516667 2.000000
2.000000 0.572482 0.425926 0.019966 0.043208 0.571875 0.413889 2.000000 0.570312 0.436111 2.000000
2.000000 0.667102 0.494597 0.019966 0.044755 0.668750 0.483333 2.000000 0.667188 0.505556 2.000000
2.000000 0.703560 0.413579 0.018229 0.037037 0.707812 0.405556 2.000000 0.703125 0.425000 2.000000
2.000000 0.832466 0.403551 0.022570 0.044755 0.834375 0.397222 2.000000 0.829688 0.416667 2.000000
2.000000 0.818143 0.484569 0.021701 0.046296 0.821875 0.475000 2.000000 0.815625 0.494444 2.000000
2.000000 0.957898 0.473764 0.023438 0.046296 0.960938 0.463889 2.000000 0.953125 0.483333 2.000000
2.000000 0.953560 0.401236 0.026909 0.043208 0.956250 0.388889 2.000000 0.950000 0.408333 2.000000
1.000000 0.346354 0.574074 0.157987 0.194444  0 0 0  0 0 0
1.000000 0.426648 0.481481 0.144966 0.163579  0 0 0  0 0 0
1.000000 0.507378 0.562500 0.155383 0.189815  0 0 0  0 0 0
1.000000 0.569878 0.476852 0.134549 0.163579  0 0 0  0 0 0
1.000000 0.664062 0.551699 0.145833 0.186727  0 0 0  0 0 0
1.000000 0.699654 0.467593 0.126737 0.163579  0 0 0  0 0 0
1.000000 0.810763 0.543208 0.142362 0.188273  0 0 0  0 0 0
1.000000 0.823352 0.441356 0.129341 0.132718  0 0 0  0 0 0
1.000000 0.940495 0.421759 0.119010 0.115741  0 0 0  0 0 0
1.000000 0.937065 0.529319 0.125867 0.175926  0 0 0  0 0 0
