1.000000 0.834078 0.559528 0.165177 0.158731  0 0 0  0 0 0
1.000000 0.936755 0.692463 0.126490 0.215611  0 0 0  0 0 0
1.000000 0.722469 0.673278 0.174109 0.177250  0 0 0  0 0 0
1.000000 0.632812 0.560843 0.134672 0.148148  0 0 0  0 0 0
1.000000 0.555057 0.646824 0.139880 0.166667  0 0 0  0 0 0
1.000000 0.500000 0.550926 0.114583 0.133602  0 0 0  0 0 0
1.000000 0.419271 0.642194 0.121281 0.149472  0 0 0  0 0 0
1.000000 0.386531 0.538361 0.103422 0.132278  0 0 0  0 0 0
1.000000 0.302083 0.626324 0.108630 0.154759  0 0 0  0 0 0
1.000000 0.289062 0.526454 0.093005 0.108463  0 0 0  0 0 0
1.000000 0.202010 0.519843 0.085568 0.097880  0 0 0  0 0 0
1.000000 0.202380 0.615083 0.099703 0.134917  0 0 0  0 0 0
2.000000 0.190104 0.579361 0.018599 0.031750 0.187500 0.572222 2.000000 0.195312 0.588889 2.000000
2.000000 0.192708 0.498676 0.016370 0.026454 0.190625 0.491667 2.000000 0.198437 0.505556 2.000000
2.000000 0.280135 0.503972 0.015625 0.029102 0.279687 0.494444 2.000000 0.281250 0.513889 2.000000
2.000000 0.293901 0.587963 0.014880 0.033065 0.292187 0.580556 2.000000 0.295312 0.597222 2.000000
2.000000 0.380578 0.503306 0.015625 0.027778 0.378125 0.494444 2.000000 0.381250 0.511111 2.000000
