2.000000 0.120227 0.669755 0.042534 0.077162 0.109375 0.647222 2.000000 0.126562 0.694444 2.000000
2.000000 0.453992 0.527778 0.032987 0.067903 0.456250 0.502778 2.000000 0.451562 0.550000 2.000000
2.000000 0.368924 0.804782 0.039930 0.084875 0.368750 0.772222 2.000000 0.368750 0.833333 2.000000
1.000000 0.150174 0.796296 0.300346 0.407407  0 0 0  0 0 0
1.000000 0.358940 0.849537 0.351562 0.300926  0 0 0  0 0 0
1.000000 0.445312 0.639662 0.260417 0.328704  0 0 0  0 0 0
1.000000 0.679253 0.763116 0.240451 0.350310  0 0 0  0 0 0
1.000000 0.684896 0.532407 0.194445 0.240741  0 0 0  0 0 0
1.000000 0.883680 0.628088 0.197917 0.287037  0 0 0  0 0 0
1.000000 0.868924 0.447532 0.159721 0.194444  0 0 0  0 0 0
