2.000000 0.281995 0.664685 0.017859 0.043648 0.281250 0.652778 2.000000 0.284375 0.675000 2.000000
2.000000 0.393599 0.741398 0.019344 0.041009 0.393750 0.730556 2.000000 0.395313 0.752778 2.000000
2.000000 0.436385 0.621694 0.017115 0.034389 0.437500 0.608333 2.000000 0.435937 0.630556 2.000000
2.000000 0.533484 0.680556 0.017859 0.038361 0.535937 0.672222 2.000000 0.532813 0.691667 2.000000
2.000000 0.540552 0.588620 0.014135 0.029102 0.543750 0.577778 2.000000 0.539062 0.597222 2.000000
1.000000 0.274552 0.728176 0.171130 0.205028  0 0 0  0 0 0
1.000000 0.383182 0.809528 0.160714 0.227509  0 0 0  0 0 0
1.000000 0.428573 0.666009 0.120536 0.152120  0 0 0  0 0 0
1.000000 0.523807 0.728833 0.110120 0.174602  0 0 0  0 0 0
1.000000 0.534224 0.617065 0.090776 0.104500  0 0 0  0 0 0
1.000000 0.618302 0.690472 0.083333 0.132278  0 0 0  0 0 0
1.000000 0.614583 0.599204 0.066964 0.079361  0 0 0  0 0 0
1.000000 0.686385 0.650130 0.072172 0.117722  0 0 0  0 0 0
1.000000 0.675594 0.574074 0.059526 0.071426  0 0 0  0 0 0
1.000000 0.741443 0.623676 0.066219 0.101852  0 0 0  0 0 0
1.000000 0.730656 0.556213 0.053573 0.072750  0 0 0  0 0 0
1.000000 0.790922 0.591269 0.062500 0.089944  0 0 0  0 0 0
