2.000000 0.595487 0.608023 0.024305 0.058644 0.596875 0.588889 2.000000 0.595313 0.625000 2.000000
2.000000 0.490451 0.484569 0.019096 0.052468 0.490625 0.469444 2.000000 0.489063 0.497222 2.000000
2.000000 0.125000 0.460648 0.020833 0.047838 0.121875 0.447222 2.000000 0.129688 0.475000 2.000000
1.000000 0.890625 0.730708 0.218750 0.279319  0 0 0  0 0 0
1.000000 0.735242 0.581019 0.184029 0.199074  0 0 0  0 0 0
1.000000 0.596354 0.692130 0.220487 0.263889  0 0 0  0 0 0
1.000000 0.491320 0.558644 0.178820 0.216051  0 0 0  0 0 0
1.000000 0.366753 0.676699 0.209201 0.239199  0 0 0  0 0 0
1.000000 0.306857 0.547838 0.176216 0.172838  0 0 0  0 0 0
1.000000 0.156685 0.667440 0.203992 0.242282  0 0 0  0 0 0
1.000000 0.131945 0.523921 0.173612 0.180556  0 0 0  0 0 0
