1.000000 0.647135 0.914352 0.153646 0.171296  0 0 0  0 0 0
1.000000 0.792036 0.918648 0.179318 0.162694  0 0 0  0 0 0
1.000000 0.632068 0.774472 0.139135 0.197093  0 0 0  0 0 0
1.000000 0.515995 0.776454 0.118302 0.198417  0 0 0  0 0 0
1.000000 0.519344 0.652120 0.092260 0.148148  0 0 0  0 0 0
1.000000 0.425594 0.657407 0.084823 0.148148  0 0 0  0 0 0
1.000000 0.444568 0.573417 0.069198 0.117722  0 0 0  0 0 0
1.000000 0.235120 0.547620 0.105656 0.113759  0 0 0  0 0 0
1.000000 0.186755 0.613759 0.129464 0.140213  0 0 0  0 0 0
1.000000 0.106401 0.612435 0.141370 0.153435  0 0 0  0 0 0
1.000000 0.054948 0.705093 0.109896 0.178704  0 0 0  0 0 0
2.000000 0.017859 0.653435 0.022323 0.039685 0.012500 0.644444 2.000000 0.015625 0.661111 2.000000
2.000000 0.103797 0.564157 0.018599 0.030426 0.100000 0.558333 2.000000 0.106250 0.569444 2.000000
2.000000 0.186010 0.570102 0.017859 0.034389 0.184375 0.561111 2.000000 0.189062 0.577778 2.000000
2.000000 0.231401 0.507278 0.013391 0.027778 0.229687 0.500000 2.000000 0.234375 0.513889 2.000000
2.000000 0.443823 0.538361 0.012651 0.029102 0.443750 0.530556 2.000000 0.443750 0.547222 2.000000
2.000000 0.423365 0.609787 0.014880 0.034389 0.423438 0.602778 2.000000 0.423438 0.619444 2.000000
2.000000 0.516740 0.613093 0.012651 0.033065 0.517188 0.602778 2.000000 0.515625 0.622222 2.000000
2.000000 0.512276 0.725528 0.015625 0.043648 0.510938 0.713889 2.000000 0.510938 0.738889 2.000000
2.000000 0.626859 0.724870 0.018599 0.042324 0.629687 0.713889 2.000000 0.626563 0.733333 2.000000
