2.000000 0.204615 0.712306 0.020833 0.038361 0.200000 0.705556 2.000000 0.209375 0.727778 2.000000
2.000000 0.234005 0.888231 0.027531 0.048944 0.226562 0.877778 2.000000 0.237500 0.902778 2.000000
2.000000 0.373885 0.726194 0.017115 0.042324 0.373437 0.713889 2.000000 0.373437 0.738889 2.000000
2.000000 0.449776 0.901454 0.020089 0.046296 0.445312 0.888889 2.000000 0.451562 0.916667 2.000000
2.000000 0.549109 0.728176 0.017859 0.041009 0.550000 0.716667 2.000000 0.548438 0.738889 2.000000
1.000000 0.213172 0.765213 0.164432 0.210315  0 0 0  0 0 0
1.000000 0.238839 0.902778 0.200891 0.194444  0 0 0  0 0 0
1.000000 0.377974 0.777778 0.157740 0.219574  0 0 0  0 0 0
1.000000 0.448437 0.905093 0.197917 0.189815  0 0 0  0 0 0
1.000000 0.548734 0.781083 0.159969 0.207676  0 0 0  0 0 0
1.000000 0.661979 0.915741 0.204167 0.168519  0 0 0  0 0 0
1.000000 0.722099 0.794315 0.165922 0.207676  0 0 0  0 0 0
1.000000 0.879094 0.914019 0.220984 0.171954  0 0 0  0 0 0
1.000000 0.901411 0.804898 0.177828 0.210315  0 0 0  0 0 0
