1.000000 0.824219 0.679014 0.224826 0.246912  0 0 0  0 0 0
1.000000 0.686633 0.533949 0.171875 0.197532  0 0 0  0 0 0
1.000000 0.552951 0.661264 0.190971 0.251542  0 0 0  0 0 0
1.000000 0.466581 0.516204 0.167534 0.205245  0 0 0  0 0 0
1.000000 0.353299 0.645060 0.187500 0.228394  0 0 0  0 0 0
1.000000 0.299044 0.513889 0.160591 0.182097  0 0 0  0 0 0
1.000000 0.162760 0.631944 0.179688 0.229940  0 0 0  0 0 0
1.000000 0.134115 0.487653 0.165799 0.185185  0 0 0  0 0 0
1.000000 0.039497 0.604940 0.078992 0.222222  0 0 0  0 0 0
2.000000 0.126302 0.438273 0.028646 0.049384 0.121875 0.427778 2.000000 0.129688 0.452778 2.000000
2.000000 0.463107 0.457560 0.023438 0.050926 0.464062 0.447222 2.000000 0.462500 0.472222 2.000000
2.000000 0.551216 0.594134 0.026042 0.061727 0.553125 0.580556 2.000000 0.551562 0.611111 2.000000
