2.000000 0.060266 0.689157 0.026786 0.031750 0.051562 0.694444 2.000000 0.067187 0.686111 2.000000
2.000000 0.139510 0.835315 0.023068 0.033065 0.132812 0.841667 2.000000 0.146875 0.827778 2.000000
1.000000 0.082589 0.678574 0.157740 0.171954  0 0 0  0 0 0
1.000000 0.157365 0.812833 0.151042 0.183861  0 0 0  0 0 0
1.000000 0.234745 0.678574 0.140625 0.169315  0 0 0  0 0 0
1.000000 0.306177 0.802907 0.136161 0.177250  0 0 0  0 0 0
1.000000 0.380578 0.669315 0.137651 0.164019  0 0 0  0 0 0
1.000000 0.453125 0.802250 0.135417 0.170639  0 0 0  0 0 0
1.000000 0.527531 0.662037 0.135417 0.167991  0 0 0  0 0 0
1.000000 0.595984 0.803574 0.135417 0.173278  0 0 0  0 0 0
1.000000 0.669271 0.667991 0.133182 0.164019  0 0 0  0 0 0
1.000000 0.736234 0.795639 0.128719 0.167991  0 0 0  0 0 0
