1.000000 0.827010 0.684528 0.238839 0.263231  0 0 0  0 0 0
1.000000 0.922620 0.714944 0.154760 0.271167  0 0 0  0 0 0
1.000000 0.749630 0.554898 0.168901 0.194444  0 0 0  0 0 0
1.000000 0.627974 0.529102 0.144344 0.182537  0 0 0  0 0 0
1.000000 0.613469 0.425926 0.115328 0.113759  0 0 0  0 0 0
1.000000 0.514135 0.424602 0.098214 0.148148  0 0 0  0 0 0
1.000000 0.518229 0.357139 0.082589 0.084657  0 0 0  0 0 0
1.000000 0.450891 0.309528 0.065474 0.074074  0 0 0  0 0 0
1.000000 0.435266 0.359130 0.072917 0.120370  0 0 0  0 0 0
1.000000 0.212797 0.295639 0.117557 0.117722  0 0 0  0 0 0
1.000000 0.252234 0.271824 0.099703 0.104500  0 0 0  0 0 0
1.000000 0.136531 0.275130 0.131698 0.119046  0 0 0  0 0 0
1.000000 0.073661 0.308204 0.147323 0.148148  0 0 0  0 0 0
2.000000 0.063615 0.253306 0.020089 0.038361 0.060937 0.244444 2.000000 0.064062 0.261111 2.000000
2.000000 0.136161 0.232806 0.019344 0.029102 0.135937 0.225000 2.000000 0.137500 0.238889 2.000000
2.000000 0.252974 0.233463 0.013391 0.027778 0.253125 0.227778 2.000000 0.253125 0.244444 2.000000
2.000000 0.433781 0.312167 0.014880 0.031750 0.434375 0.302778 2.000000 0.434375 0.319444 2.000000
2.000000 0.451266 0.286380 0.011161 0.033065 0.451562 0.277778 2.000000 0.451562 0.297222 2.000000
2.000000 0.517484 0.328046 0.012651 0.029102 0.518750 0.322222 2.000000 0.517188 0.336111 2.000000
2.000000 0.513391 0.369046 0.017859 0.031750 0.514062 0.361111 2.000000 0.510938 0.377778 2.000000
2.000000 0.611609 0.388889 0.017859 0.034389 0.612500 0.380556 2.000000 0.610938 0.397222 2.000000
