2.000000 0.129773 0.226079 0.032117 0.063273 0.120313 0.208333 2.000000 0.134375 0.247222 2.000000
2.000000 0.406685 0.251542 0.026909 0.055556 0.401562 0.233333 2.000000 0.410938 0.269444 2.000000
2.000000 0.238281 0.472222 0.033854 0.064815 0.231250 0.455556 2.000000 0.243750 0.491667 2.000000
2.000000 0.543836 0.493829 0.032117 0.064815 0.545312 0.472222 2.000000 0.543750 0.511111 2.000000
2.000000 0.678820 0.263889 0.026042 0.064815 0.684375 0.247222 2.000000 0.676562 0.283333 2.000000
1.000000 0.142362 0.303241 0.260417 0.313273  0 0 0  0 0 0
1.000000 0.244357 0.533181 0.276909 0.334875  0 0 0  0 0 0
1.000000 0.408419 0.315588 0.249133 0.304014  0 0 0  0 0 0
1.000000 0.540799 0.550926 0.276042 0.336421  0 0 0  0 0 0
1.000000 0.671440 0.327931 0.249133 0.304014  0 0 0  0 0 0
1.000000 0.828125 0.569444 0.269096 0.308644  0 0 0  0 0 0
1.000000 0.905815 0.366514 0.188367 0.297838  0 0 0  0 0 0
