2.000000 0.036089 0.947093 0.034969 0.044972 0.023438 0.961111 2.000000 0.046875 0.944444 2.000000
2.000000 0.333333 0.354500 0.023807 0.037037 0.328125 0.347222 2.000000 0.340625 0.363889 2.000000
2.000000 0.404760 0.556213 0.019344 0.027778 0.401562 0.552778 2.000000 0.410938 0.561111 2.000000
2.000000 0.517484 0.393519 0.017115 0.035713 0.512500 0.386111 2.000000 0.520312 0.402778 2.000000
2.000000 0.604167 0.599870 0.016370 0.033065 0.604688 0.600000 2.000000 0.601562 0.600000 2.000000
2.000000 0.715776 0.427250 0.022323 0.039685 0.718750 0.416667 2.000000 0.710938 0.436111 2.000000
1.000000 0.084078 0.884259 0.159224 0.231481  0 0 0  0 0 0
1.000000 0.344865 0.368389 0.158484 0.197093  0 0 0  0 0 0
1.000000 0.412573 0.558861 0.171875 0.207676  0 0 0  0 0 0
1.000000 0.518229 0.404759 0.168901 0.206352  0 0 0  0 0 0
1.000000 0.603797 0.602509 0.180802 0.220898  0 0 0  0 0 0
1.000000 0.706474 0.437833 0.185266 0.214287  0 0 0  0 0 0
1.000000 0.802453 0.654102 0.197172 0.231481  0 0 0  0 0 0
1.000000 0.903646 0.485454 0.192708 0.219574  0 0 0  0 0 0
