1.000000 0.078125 0.677907 0.156250 0.173278  0 0 0  0 0 0
1.000000 0.149552 0.818120 0.150297 0.186509  0 0 0  0 0 0
1.000000 0.229536 0.676583 0.140625 0.167991  0 0 0  0 0 0
1.000000 0.303198 0.805556 0.136161 0.177250  0 0 0  0 0 0
1.000000 0.376490 0.669972 0.139880 0.165343  0 0 0  0 0 0
1.000000 0.449406 0.810185 0.133927 0.170639  0 0 0  0 0 0
1.000000 0.507443 0.669972 0.108630 0.165343  0 0 0  0 0 0
1.000000 0.590031 0.806213 0.132443 0.170639  0 0 0  0 0 0
1.000000 0.670385 0.671296 0.116073 0.162694  0 0 0  0 0 0
1.000000 0.731771 0.806880 0.133182 0.166667  0 0 0  0 0 0
2.000000 0.054688 0.686509 0.027531 0.031750 0.045312 0.688889 2.000000 0.064062 0.686111 2.000000
2.000000 0.133557 0.837306 0.023068 0.042324 0.126562 0.847222 2.000000 0.140625 0.827778 2.000000
