2.000000 0.622766 0.371694 0.023807 0.050269 0.626563 0.355556 2.000000 0.620313 0.388889 2.000000
2.000000 0.456099 0.397491 0.022323 0.051583 0.453125 0.380556 2.000000 0.456250 0.413889 2.000000
2.000000 0.455359 0.312167 0.016370 0.042324 0.454688 0.300000 2.000000 0.454688 0.330556 2.000000
2.000000 0.350448 0.275130 0.019344 0.037037 0.346875 0.263889 2.000000 0.353125 0.286111 2.000000
2.000000 0.318453 0.326722 0.019344 0.042324 0.314063 0.316667 2.000000 0.321875 0.344444 2.000000
2.000000 0.027531 0.287694 0.025297 0.035713 0.021875 0.277778 2.000000 0.032813 0.300000 2.000000
1.000000 0.729536 0.677907 0.348958 0.355824  0 0 0  0 0 0
1.000000 0.873698 0.632407 0.252604 0.335185  0 0 0  0 0 0
1.000000 0.630953 0.451722 0.202380 0.212963  0 0 0  0 0 0
1.000000 0.464656 0.493389 0.182292 0.253972  0 0 0  0 0 0
1.000000 0.460938 0.347222 0.134672 0.128306  0 0 0  0 0 0
1.000000 0.325151 0.405426 0.125000 0.197093  0 0 0  0 0 0
1.000000 0.357141 0.312833 0.098214 0.104500  0 0 0  0 0 0
1.000000 0.060937 0.348148 0.121875 0.177778  0 0 0  0 0 0
