1.000000 0.662948 0.671954 0.132443 0.161380  0 0 0  0 0 0
1.000000 0.732141 0.813491 0.130953 0.171954  0 0 0  0 0 0
1.000000 0.590776 0.809528 0.139880 0.169315  0 0 0  0 0 0
1.000000 0.522693 0.669315 0.137651 0.166667  0 0 0  0 0 0
1.000000 0.448661 0.808204 0.136906 0.174602  0 0 0  0 0 0
1.000000 0.376490 0.669315 0.139880 0.166667  0 0 0  0 0 0
1.000000 0.300594 0.804898 0.142859 0.173278  0 0 0  0 0 0
1.000000 0.229536 0.674602 0.142115 0.169315  0 0 0  0 0 0
1.000000 0.152156 0.813491 0.151042 0.182537  0 0 0  0 0 0
1.000000 0.077380 0.675269 0.154760 0.178574  0 0 0  0 0 0
2.000000 0.053198 0.688491 0.029016 0.038361 0.046875 0.694444 2.000000 0.062500 0.683333 2.000000
2.000000 0.133182 0.836639 0.023807 0.038361 0.125000 0.844444 2.000000 0.142187 0.827778 2.000000
