1.000000 0.672620 0.679231 0.133927 0.173278  0 0 0  0 0 0
1.000000 0.738839 0.811509 0.130953 0.178574  0 0 0  0 0 0
1.000000 0.600448 0.816139 0.130953 0.169315  0 0 0  0 0 0
1.000000 0.529391 0.679231 0.130208 0.162694  0 0 0  0 0 0
1.000000 0.454984 0.820769 0.137651 0.181213  0 0 0  0 0 0
1.000000 0.380208 0.683861 0.141370 0.171954  0 0 0  0 0 0
1.000000 0.308036 0.821426 0.141370 0.185185  0 0 0  0 0 0
1.000000 0.234005 0.693120 0.143599 0.174602  0 0 0  0 0 0
1.000000 0.155880 0.836639 0.152531 0.194444  0 0 0  0 0 0
1.000000 0.081844 0.696426 0.156250 0.186509  0 0 0  0 0 0
2.000000 0.059896 0.708333 0.031995 0.041009 0.050000 0.713889 2.000000 0.065625 0.705556 2.000000
2.000000 0.140255 0.857139 0.030505 0.044972 0.131250 0.866667 2.000000 0.145313 0.847222 2.000000
