1.000000 0.373141 0.566796 0.116818 0.141537  0 0 0  0 0 0
1.000000 0.431922 0.634259 0.127234 0.160056  0 0 0  0 0 0
1.000000 0.493677 0.551583 0.110865 0.137565  0 0 0  0 0 0
1.000000 0.567708 0.613093 0.122026 0.154759  0 0 0  0 0 0
1.000000 0.606026 0.526454 0.107885 0.121694  0 0 0  0 0 0
1.000000 0.685641 0.594574 0.104911 0.138889  0 0 0  0 0 0
1.000000 0.712797 0.511907 0.099703 0.103176  0 0 0  0 0 0
1.000000 0.802453 0.572750 0.106401 0.134917  0 0 0  0 0 0
1.000000 0.815474 0.497352 0.099703 0.103176  0 0 0  0 0 0
1.000000 0.921130 0.554898 0.125000 0.130954  0 0 0  0 0 0
1.000000 0.932292 0.474204 0.102677 0.101852  0 0 0  0 0 0
2.000000 0.371281 0.520500 0.016370 0.035713 0.367188 0.513889 2.000000 0.373437 0.527778 2.000000
2.000000 0.430432 0.587306 0.017115 0.037037 0.429688 0.577778 2.000000 0.431250 0.594444 2.000000
2.000000 0.492932 0.505287 0.012651 0.034389 0.493750 0.494444 2.000000 0.493750 0.516667 2.000000
2.000000 0.568453 0.563491 0.017859 0.037037 0.567187 0.552778 2.000000 0.567187 0.572222 2.000000
2.000000 0.606771 0.486111 0.014135 0.033065 0.606250 0.477778 2.000000 0.606250 0.497222 2.000000
