2.000000 0.504341 0.527778 0.024305 0.052468 0.506250 0.516667 2.000000 0.506250 0.544444 2.000000
2.000000 0.567273 0.774690 0.028646 0.055556 0.568750 0.755556 2.000000 0.565625 0.791667 2.000000
2.000000 0.053385 0.411264 0.026909 0.054014 0.043750 0.394444 2.000000 0.059375 0.427778 2.000000
2.000000 0.197049 0.354167 0.019096 0.044755 0.193750 0.338889 2.000000 0.203125 0.369444 2.000000
2.000000 0.086805 0.293208 0.022570 0.046296 0.085938 0.280556 2.000000 0.092188 0.311111 2.000000
2.000000 0.005208 0.239199 0.010417 0.046296 0.001563 0.225000 2.000000 0.006250 0.247222 2.000000
1.000000 0.035156 0.285495 0.070312 0.163579 0.000000 0.000000 0.000000 0.000000 0.000000 0.000000
1.000000 0.100260 0.342593 0.124133 0.160495 0.000000 0.000000 0.000000 0.000000 0.000000 0.000000
1.000000 0.070747 0.471449 0.141492 0.199074 0.000000 0.000000 0.000000 0.000000 0.000000 0.000000
1.000000 0.208333 0.402005 0.137154 0.171296 0.000000 0.000000 0.000000 0.000000 0.000000 0.000000
1.000000 0.191406 0.576389 0.146701 0.226852 0.000000 0.000000 0.000000 0.000000 0.000000 0.000000
1.000000 0.341581 0.496144 0.151909 0.195986 0.000000 0.000000 0.000000 0.000000 0.000000 0.000000
1.000000 0.354167 0.689042 0.184029 0.257718 0.000000 0.000000 0.000000 0.000000 0.000000 0.000000
1.000000 0.510417 0.590278 0.187500 0.254630 0.000000 0.000000 0.000000 0.000000 0.000000 0.000000
1.000000 0.572482 0.834875 0.238716 0.327162 0.000000 0.000000 0.000000 0.000000 0.000000 0.000000
1.000000 0.796008 0.765431 0.265625 0.308644 0.000000 0.000000 0.000000 0.000000 0.000000 0.000000
