2.000000 0.081844 0.560843 0.013391 0.026454 0.079687 0.552778 2.000000 0.082812 0.566667 2.000000
2.000000 0.135417 0.572750 0.016370 0.026454 0.132812 0.566667 2.000000 0.134375 0.575000 2.000000
2.000000 0.196427 0.532407 0.011906 0.025130 0.195312 0.527778 2.000000 0.198437 0.538889 2.000000
2.000000 0.249630 0.543648 0.011161 0.026454 0.250000 0.536111 2.000000 0.250000 0.550000 2.000000
2.000000 0.288693 0.510583 0.010417 0.023806 0.287500 0.502778 2.000000 0.290625 0.516667 2.000000
2.000000 0.412573 0.587963 0.012651 0.027778 0.410938 0.583333 2.000000 0.412500 0.594444 2.000000
2.000000 0.441594 0.545639 0.011161 0.027778 0.440625 0.538889 2.000000 0.442188 0.555556 2.000000
2.000000 0.484745 0.599204 0.012651 0.026454 0.485938 0.591667 2.000000 0.484375 0.605556 2.000000
2.000000 0.459448 0.665343 0.012651 0.031750 0.457813 0.655556 2.000000 0.457813 0.675000 2.000000
2.000000 0.552828 0.679231 0.014880 0.033065 0.551562 0.669444 2.000000 0.551562 0.688889 2.000000
1.000000 0.534969 0.849870 0.111609 0.218250  0 0 0  0 0 0
1.000000 0.668526 0.873019 0.151042 0.211639  0 0 0  0 0 0
1.000000 0.554688 0.724204 0.094495 0.154759  0 0 0  0 0 0
1.000000 0.459078 0.708991 0.083333 0.158731  0 0 0  0 0 0
1.000000 0.485120 0.640213 0.068453 0.121694  0 0 0  0 0 0
1.000000 0.413318 0.627648 0.064734 0.117722  0 0 0  0 0 0
1.000000 0.441964 0.578704 0.056547 0.101852  0 0 0  0 0 0
1.000000 0.290177 0.538361 0.072917 0.084657  0 0 0  0 0 0
1.000000 0.248510 0.575398 0.092260 0.103176  0 0 0  0 0 0
1.000000 0.197547 0.568120 0.094495 0.096565  0 0 0  0 0 0
1.000000 0.135786 0.614417 0.116818 0.117722  0 0 0  0 0 0
1.000000 0.084448 0.601852 0.121281 0.111111  0 0 0  0 0 0
