2.000000 0.059896 0.685185 0.029016 0.037037 0.050000 0.691667 2.000000 0.065625 0.680556 2.000000
2.000000 0.139510 0.835315 0.024552 0.038361 0.132812 0.841667 2.000000 0.148438 0.822222 2.000000
1.000000 0.082219 0.675269 0.158484 0.183861  0 0 0  0 0 0
1.000000 0.155505 0.816796 0.145833 0.186509  0 0 0  0 0 0
1.000000 0.234745 0.673944 0.139135 0.165343  0 0 0  0 0 0
1.000000 0.305432 0.801583 0.139135 0.174602  0 0 0  0 0 0
1.000000 0.380578 0.667324 0.139135 0.165343  0 0 0  0 0 0
1.000000 0.452380 0.803574 0.138391 0.175926  0 0 0  0 0 0
1.000000 0.526411 0.660056 0.136161 0.166667  0 0 0  0 0 0
1.000000 0.594120 0.800926 0.137651 0.170639  0 0 0  0 0 0
1.000000 0.669271 0.665343 0.136161 0.164019  0 0 0  0 0 0
1.000000 0.026786 0.800269 0.053573 0.153435  0 0 0  0 0 0
