1.000000 0.791232 0.395060 0.238716 0.280866  0 0 0  0 0 0
1.000000 0.903211 0.651236 0.193576 0.317903  0 0 0  0 0 0
1.000000 0.607206 0.629630 0.238716 0.293208  0 0 0  0 0 0
1.000000 0.485242 0.398921 0.222221 0.273148  0 0 0  0 0 0
1.000000 0.365451 0.614199 0.215279 0.274690  0 0 0  0 0 0
1.000000 0.269096 0.404319 0.208333 0.253088  0 0 0  0 0 0
1.000000 0.150174 0.616514 0.204862 0.266977  0 0 0  0 0 0
1.000000 0.082812 0.393981 0.165625 0.245370  0 0 0  0 0 0
2.000000 0.036023 0.377315 0.040799 0.054014 0.023438 0.372222 2.000000 0.045312 0.394444 2.000000
2.000000 0.482638 0.377315 0.027779 0.054014 0.482812 0.366667 2.000000 0.481250 0.394444 2.000000
2.000000 0.604167 0.619597 0.032987 0.047838 0.607812 0.619444 2.000000 0.598437 0.616667 2.000000
