2.000000 0.053943 0.689157 0.031995 0.031750 0.042188 0.694444 2.000000 0.062500 0.686111 2.000000
2.000000 0.133557 0.837306 0.026042 0.039685 0.126562 0.847222 2.000000 0.139063 0.827778 2.000000
1.000000 0.077755 0.671296 0.155505 0.191796  0 0 0  0 0 0
1.000000 0.149552 0.819444 0.147323 0.183861  0 0 0  0 0 0
1.000000 0.228422 0.677907 0.141370 0.173278  0 0 0  0 0 0
1.000000 0.299479 0.808861 0.140625 0.178574  0 0 0  0 0 0
1.000000 0.375745 0.671296 0.138391 0.162694  0 0 0  0 0 0
1.000000 0.447172 0.810185 0.136906 0.173278  0 0 0  0 0 0
1.000000 0.518974 0.672620 0.134672 0.165343  0 0 0  0 0 0
1.000000 0.590401 0.806213 0.133182 0.167991  0 0 0  0 0 0
1.000000 0.660714 0.670639 0.133927 0.161380  0 0 0  0 0 0
1.000000 0.730656 0.808204 0.132443 0.174602  0 0 0  0 0 0
