1.000000 0.713107 0.403551 0.301216 0.328704  0 0 0  0 0 0
1.000000 0.492622 0.542440 0.296008 0.368829  0 0 0  0 0 0
1.000000 0.440104 0.301699 0.225695 0.226852  0 0 0  0 0 0
1.000000 0.240018 0.451389 0.221354 0.313273  0 0 0  0 0 0
1.000000 0.234810 0.251542 0.179688 0.175926  0 0 0  0 0 0
1.000000 0.076388 0.235338 0.152776 0.205245  0 0 0  0 0 0
1.000000 0.068576 0.381944 0.137151 0.279319  0 0 0  0 0 0
1.000000 0.825956 0.658181 0.348089 0.442903  0 0 0  0 0 0
2.000000 0.848523 0.503088 0.046008 0.101852 0.848437 0.466667 2.000000 0.850000 0.527778 2.000000
2.000000 0.057727 0.162037 0.026909 0.055556 0.051562 0.150000 2.000000 0.060937 0.175000 2.000000
2.000000 0.025607 0.278551 0.037326 0.063273 0.020313 0.261111 2.000000 0.032813 0.297222 2.000000
2.000000 0.217448 0.191356 0.026909 0.055556 0.214062 0.177778 2.000000 0.225000 0.205556 2.000000
2.000000 0.222656 0.330245 0.033854 0.067903 0.217188 0.308333 2.000000 0.228125 0.347222 2.000000
2.000000 0.426648 0.228394 0.030383 0.067903 0.420312 0.205556 2.000000 0.431250 0.244444 2.000000
2.000000 0.478299 0.407407 0.032987 0.080245 0.475000 0.380556 2.000000 0.479687 0.433333 2.000000
2.000000 0.706164 0.283181 0.033854 0.075616 0.706250 0.255556 2.000000 0.707812 0.308333 2.000000
