0.000000 0.496032 0.655589 0.091766 0.084325  0 0 0  0 0 0
0.000000 0.658482 0.653108 0.094246 0.092593  0 0 0  0 0 0
1.000000 0.147569 0.614253 0.171131 0.153770  0 0 0  0 0 0
1.000000 0.261037 0.556382 0.150050 0.140542  0 0 0  0 0 0
1.000000 0.329861 0.605159 0.166171 0.148810  0 0 0  0 0 0
1.000000 0.414187 0.543981 0.141369 0.122354  0 0 0  0 0 0
1.000000 0.562376 0.536541 0.135169 0.120701  0 0 0  0 0 0
1.000000 0.706225 0.536541 0.137649 0.120701  0 0 0  0 0 0
1.000000 0.814732 0.578704 0.148810 0.142196  0 0 0  0 0 0
1.000000 0.869296 0.540675 0.128968 0.115741  0 0 0  0 0 0
1.000000 0.960069 0.582011 0.079861 0.135582  0 0 0  0 0 0
2.000000 0.143229 0.558862 0.026042 0.036376 0.142187 0.552083 2.000000 0.145313 0.572917 2.000000
2.000000 0.258470 0.504206 0.016553 0.028859 0.256250 0.495833 2.000000 0.259375 0.516667 2.000000
2.000000 0.329772 0.555136 0.017825 0.030559 0.329688 0.545833 2.000000 0.329688 0.564583 2.000000
2.000000 0.415079 0.501233 0.019100 0.028013 0.414062 0.493750 2.000000 0.414062 0.512500 2.000000
2.000000 0.564048 0.496141 0.016553 0.029709 0.565625 0.485417 2.000000 0.564063 0.506250 2.000000
2.000000 0.708881 0.494444 0.017190 0.033105 0.709375 0.485417 2.000000 0.707812 0.504167 2.000000
2.000000 0.819335 0.537312 0.021644 0.032255 0.821875 0.529167 2.000000 0.818750 0.550000 2.000000
