0.000000 0.398686 0.413360 0.122768 0.099206  0 0 0  0 0 0
1.000000 0.314980 0.280258 0.126488 0.160384  0 0 0  0 0 0
1.000000 0.221974 0.397652 0.156250 0.196759  0 0 0  0 0 0
1.000000 0.294519 0.500992 0.182292 0.241402  0 0 0  0 0 0
1.000000 0.099826 0.586971 0.199653 0.284392  0 0 0  0 0 0
1.000000 0.709325 0.243056 0.153770 0.145503  0 0 0  0 0 0
0.000000 0.621900 0.248843 0.083085 0.077712  0 0 0  0 0 0
1.000000 0.134549 0.775463 0.266617 0.370370  0 0 0  0 0 0
1.000000 0.783110 0.205026 0.145089 0.132275  0 0 0  0 0 0
1.000000 0.885417 0.262070 0.178571 0.140542  0 0 0  0 0 0
1.000000 0.933408 0.223214 0.133185 0.138889  0 0 0  0 0 0
2.000000 0.288938 0.438161 0.032242 0.052910 0.284375 0.420833 2.000000 0.292187 0.452083 2.000000
2.000000 0.218254 0.337302 0.027282 0.042989 0.215625 0.327083 2.000000 0.223438 0.352083 2.000000
2.000000 0.308780 0.224868 0.022321 0.036376 0.307812 0.216667 2.000000 0.310937 0.237500 2.000000
2.000000 0.711186 0.190972 0.023562 0.038029 0.712500 0.179167 2.000000 0.709375 0.202083 2.000000
2.000000 0.787450 0.160384 0.022321 0.036376 0.790625 0.150000 2.000000 0.785937 0.168750 2.000000
2.000000 0.890377 0.209160 0.022321 0.041336 0.895312 0.195833 2.000000 0.887500 0.218750 2.000000
2.000000 0.950521 0.172784 0.026042 0.044643 0.954688 0.160417 2.000000 0.948438 0.181250 2.000000
