2.000000 0.695271 0.167411 0.034722 0.029762 0.697917 0.157812 2.000000 0.697917 0.176563 2.000000
2.000000 0.764716 0.134549 0.024802 0.023562 0.764583 0.126562 2.000000 0.764583 0.142187 2.000000
2.000000 0.859788 0.150670 0.026455 0.031002 0.860417 0.140625 2.000000 0.862500 0.159375 2.000000
1.000000 0.245536 0.709945 0.491071 0.417907  0 0 0  0 0 0
0.000000 0.250496 0.549975 0.213294 0.070685  0 0 0  0 0 0
0.000000 0.583664 0.535714 0.211640 0.124008  0 0 0  0 0 0
0.000000 0.483631 0.425967 0.180225 0.088046  0 0 0  0 0 0
1.000000 0.706019 0.325521 0.208333 0.147569  0 0 0  0 0 0
1.000000 0.609292 0.275298 0.190146 0.126488  0 0 0  0 0 0
1.000000 0.801091 0.249876 0.173611 0.120288  0 0 0  0 0 0
1.000000 0.696925 0.205853 0.140542 0.091766  0 0 0  0 0 0
1.000000 0.856481 0.192832 0.145503 0.110367  0 0 0  0 0 0
1.000000 0.761409 0.159350 0.117394 0.055804  0 0 0  0 0 0
2.000000 0.805225 0.193452 0.036376 0.029762 0.804167 0.184375 2.000000 0.804167 0.201563 2.000000
