2.000000 0.142609 0.553902 0.027282 0.036376 0.140625 0.552083 2.000000 0.143750 0.572917 2.000000
2.000000 0.259177 0.504299 0.022321 0.033069 0.257812 0.495833 2.000000 0.259375 0.514583 2.000000
2.000000 0.328621 0.553902 0.022321 0.036376 0.329688 0.547917 2.000000 0.329688 0.568750 2.000000
2.000000 0.415427 0.502646 0.019841 0.036376 0.414062 0.491667 2.000000 0.415625 0.514583 2.000000
2.000000 0.564236 0.496858 0.022321 0.038029 0.564063 0.487500 2.000000 0.562500 0.508333 2.000000
2.000000 0.710565 0.495205 0.022321 0.034722 0.710938 0.483333 2.000000 0.707812 0.506250 2.000000
2.000000 0.819072 0.539848 0.023562 0.038029 0.821875 0.527083 2.000000 0.817187 0.552083 2.000000
1.000000 0.146329 0.617560 0.168651 0.137235  0 0 0  0 0 0
1.000000 0.261657 0.558036 0.148810 0.133929  0 0 0  0 0 0
1.000000 0.329861 0.602679 0.158730 0.147156  0 0 0  0 0 0
1.000000 0.415427 0.543155 0.138889 0.120701  0 0 0  0 0 0
1.000000 0.562996 0.535714 0.141369 0.119048  0 0 0  0 0 0
1.000000 0.705605 0.534888 0.143849 0.120701  0 0 0  0 0 0
1.000000 0.812252 0.577877 0.146329 0.130622  0 0 0  0 0 0
1.000000 0.874876 0.545635 0.127728 0.128968  0 0 0  0 0 0
1.000000 0.963170 0.581184 0.073661 0.124008  0 0 0  0 0 0
0.000000 0.651662 0.651455 0.090526 0.089286  0 0 0  0 0 0
0.000000 0.496652 0.655589 0.090526 0.081019  0 0 0  0 0 0
