0.000000 0.453869 0.393105 0.203373 0.096726  0 0 0  0 0 0
0.000000 0.552249 0.503472 0.244709 0.128968  0 0 0  0 0 0
0.000000 0.231481 0.587798 0.267857 0.153770  0 0 0  0 0 0
0.000000 0.306713 0.823413 0.342262 0.257937  0 0 0  0 0 0
1.000000 0.565476 0.220734 0.205026 0.141369  0 0 0  0 0 0
1.000000 0.672123 0.266617 0.249669 0.166171  0 0 0  0 0 0
1.000000 0.770503 0.164931 0.195106 0.146329  0 0 0  0 0 0
1.000000 0.661376 0.126488 0.165344 0.101687  0 0 0  0 0 0
1.000000 0.739087 0.072545 0.128968 0.075645  0 0 0  0 0 0
1.000000 0.831680 0.102927 0.155423 0.124008  0 0 0  0 0 0
2.000000 0.656415 0.092386 0.036376 0.035962 0.656250 0.079687 2.000000 0.658333 0.101562 2.000000
2.000000 0.772156 0.114707 0.039683 0.035962 0.772917 0.104688 2.000000 0.772917 0.123438 2.000000
2.000000 0.730820 0.047123 0.033069 0.024802 0.733333 0.039062 2.000000 0.733333 0.056250 2.000000
2.000000 0.830853 0.058904 0.038029 0.033482 0.835417 0.048438 2.000000 0.835417 0.070312 2.000000
