0.000000 0.271991 0.565476 0.292659 0.176091  0 0 0  0 0 0
1.000000 0.739914 0.704365 0.491071 0.453869  0 0 0  0 0 0
1.000000 0.559689 0.375124 0.305886 0.244296  0 0 0  0 0 0
1.000000 0.283565 0.240575 0.286045 0.233135  0 0 0  0 0 0
1.000000 0.450562 0.220734 0.219907 0.176091  0 0 0  0 0 0
1.000000 0.267030 0.117188 0.223214 0.140129  0 0 0  0 0 0
1.000000 0.415013 0.122148 0.178571 0.140129  0 0 0  0 0 0
1.000000 0.234788 0.052083 0.175265 0.104167  0 0 0  0 0 0
1.000000 0.363757 0.052083 0.162037 0.104167  0 0 0  0 0 0
2.000000 0.309193 0.166171 0.052910 0.047123 0.316667 0.154688 2.000000 0.302083 0.185938 2.000000
2.000000 0.592758 0.321181 0.071098 0.052083 0.610417 0.301563 2.000000 0.587500 0.332813 2.000000
2.000000 0.808532 0.625620 0.095899 0.073165 0.833333 0.609375 2.000000 0.785417 0.642188 2.000000
